"SE_ID","Z_in_CT","Delta_vs_Others"
"chr1:2052804-2064977",2.14966770935896,2.32765679278198
"chr1:2139272-2143260",2.50910682139974,2.77411265775992
"chr1:2145720-2151874",3.03153423427932,3.22528916502163
"chr1:8064718-8071679",1.53322188386429,1.72930719636289
"chr1:8075852-8086118",2.09613189188799,2.4006000196736
"chr1:8252930-8266394",3.33427566982114,3.66878764461378
"chr1:8921588-8922846",1.94873190244522,1.87489435099549
"chr1:8927409-8927947",1.97046333872143,1.96737406181167
"chr1:8928216-8930131",1.91957781445656,1.9272695043495
"chr1:8935076-8935747",2.18070179034919,2.30507336196812
"chr1:9416744-9427407",1.84279357816682,1.89593517249963
"chr1:9429691-9497628",1.76070495132791,1.96113845665444
"chr1:11856556-11860169",1.50755112436623,1.74191999125964
"chr1:15101325-15112694",1.89059204855153,1.91475267642702
"chr1:17959061-17960652",1.54653475955558,1.77592820360651
"chr1:19402105-19403134",2.52843485213994,2.5673456623824
"chr1:19408834-19409946",1.59120609180638,1.51192243345532
"chr1:20064049-20064615",1.50578708922992,1.5344890972365
"chr1:20076965-20082027",1.68586256840073,1.51975174585124
"chr1:21867407-21877672",2.33644819266363,2.71802695125309
"chr1:23698432-23704773",1.88218123515574,2.1124909014874
"chr1:23714012-23720272",1.94034807210214,2.03706645491416
"chr1:23745979-23750958",1.97913982974414,2.02284630318542
"chr1:27879915-27884716",2.05223285560405,1.92028913718355
"chr1:29479603-29481108",1.83367239005154,1.9655878325882
"chr1:33791744-33794371",1.81807991638813,1.99727417117244
"chr1:33798193-33799345",1.5844213707112,1.54566400495933
"chr1:33799993-33800667",1.62843705084142,1.65058920914341
"chr1:33800957-33802067",1.86115549768832,1.8209143757011
"chr1:33802565-33815098",1.95439577560556,1.9729345347362
"chr1:39958097-39976746",2.05970676036751,2.2460968711709
"chr1:40088154-40089725",2.03221839264538,2.11401251148906
"chr1:40092952-40095799",3.16730021659886,3.5117540164998
"chr1:40392146-40410462",1.89384893795066,1.82367173413122
"chr1:41946964-41948037",1.52682995627404,1.688429642127
"chr1:43442199-43448696",1.83830712845577,1.98051471788016
"chr1:43449129-43457009",1.81581677516104,1.84398705829595
"chr1:46752271-46762314",1.81501737711891,2.02072915723331
"chr1:46766552-46768696",2.5674621693656,2.79561808566927
"chr1:46769592-46774673",3.34848858961433,3.49117284238281
"chr1:47651116-47652891",2.00484002931845,2.18145244594344
"chr1:47653199-47655438",2.08730335779191,2.40890099006418
"chr1:49227242-49242178",1.81753060301324,2.11056044693191
"chr1:53972549-53974693",3.46697238383432,3.82458332285517
"chr1:56957112-56960319",2.19275033236537,2.41389047949348
"chr1:56962448-56977548",1.92296723001717,2.16319160971466
"chr1:56990326-57002527",1.82796110918378,2.00886363819565
"chr1:57004683-57044451",1.56279823146537,1.87637353905427
"chr1:59510386-59519969",1.5998837402284,1.69727870414119
"chr1:59525454-59529508",3.58268167690345,3.85371569463767
"chr1:59537223-59543604",3.77088933071261,4.04790652223029
"chr1:59553967-59597508",2.82609880220634,3.12566349609433
"chr1:65293974-65296422",2.02617486150365,2.17197635126575
"chr1:65301998-65303515",2.47795492986422,2.61014383631833
"chr1:65313890-65316387",2.2222968091379,2.47553536309359
"chr1:65335257-65338953",1.56174828655389,1.72478870509223
"chr1:68083576-68113326",2.23494099877067,2.67451610242775
"chr1:77857313-77876566",1.89820718655256,2.08765826657945
"chr1:85930927-85932878",2.19696837368309,2.15965713884894
"chr1:85954173-85960312",1.8031754943916,2.2584416201553
"chr1:87166411-87169085",1.62813616020644,1.64396193623878
"chr1:89570550-89571715",1.64786177066316,1.61842093223336
"chr1:89572835-89573583",1.65890119515673,1.45346698663524
"chr1:94065397-94066113",1.91856175997152,2.25034752168856
"chr1:94066419-94067595",1.78275003901425,2.05083887910879
"chr1:94071230-94079304",1.84128969382876,2.17229707260385
"chr1:94636514-94637207",2.1656874778352,2.2439078460293
"chr1:94640405-94642069",2.54656742249016,2.76470942475635
"chr1:94645613-94649607",2.75927661898168,3.1161760269695
"chr1:94661596-94667176",2.55168946362317,2.84767376659423
"chr1:95323156-95330199",1.61353380776813,1.78820182397133
"chr1:95363739-95364827",1.59359918396954,1.53357418785796
"chr1:95365173-95367125",2.46188545543659,2.42123869686641
"chr1:95367914-95368578",1.9518010759915,1.98172209879574
"chr1:95369180-95389630",2.6666516724539,2.64856068448519
"chr1:100021851-100088125",1.50250728674173,1.4646448365557
"chr1:101164882-101185198",3.5623400856889,3.91800293455151
"chr1:101694421-101701139",2.91703079536384,3.28093888018401
"chr1:101707174-101708614",2.17710664574638,2.33970897365584
"chr1:110906635-110912676",1.83913644440581,2.0543828351442
"chr1:110915725-110917558",2.60693182287835,2.98663639166995
"chr1:112270553-112281708",1.50053220669867,1.49701976988934
"chr1:115829528-115836148",3.41204684809479,3.75210667127559
"chr1:115836471-115880725",3.19886156724514,3.64814132324928
"chr1:117311950-117317626",2.11464240276854,2.26144960896682
"chr1:117318345-117399586",2.0758352529856,2.12467689237783
"chr1:151789856-151798306",1.82863422490949,2.17855223222641
"chr1:153737639-153738851",1.52646942374849,1.59895592105627
"chr1:154357312-154374704",1.86448429750811,2.03131634870785
"chr1:154422556-154426485",1.68647667006755,1.9554963139909
"chr1:154442938-154451857",1.58501730108253,1.87246293307558
"chr1:161955122-161967515",1.55934439576886,1.87760947455893
"chr1:169080836-169094022",1.61310242833992,2.09105216335392
"chr1:169094377-169096362",1.64677103366283,2.17054680227602
"chr1:169096746-169099148",1.52353125984096,1.93185157223339
"chr1:172636114-172679365",1.51680312726537,1.73916081980384
"chr1:183861395-183866842",2.36518576868959,2.54294598396992
"chr1:183876335-183881116",3.49274894061695,3.74583087727645
"chr1:192499734-192506784",2.31246307403604,2.45168724110471
"chr1:203040988-203044605",3.21965627134888,3.54184294349319
"chr1:205474106-205484379",3.55224444617324,3.81038720106806
"chr1:205486262-205491457",2.99532613307896,3.18004066010173
"chr1:205502021-205535744",3.90999493629913,3.94796398144626
"chr1:206225480-206230708",1.98820295902641,2.49319938381456
"chr1:206231739-206238772",3.04980414839721,3.5369236472966
"chr1:206240295-206241433",1.72122069742573,2.10847083448464
"chr1:206243698-206260908",1.99542319718968,2.45444375121874
"chr1:206261193-206267189",1.72159361160714,2.24845061599075
"chr1:206271568-206279014",1.80189433245938,2.30533437735639
"chr1:206281070-206284808",1.64828790259199,2.04066152276991
"chr1:206619745-206623631",1.51173365931,1.65767019286663
"chr1:206811206-206820633",1.64359250848227,1.75075805509252
"chr1:208052518-208057494",3.09117008059323,3.36407660293129
"chr1:208057990-208059784",3.07540138842765,3.21108388940934
"chr1:209836506-209848467",1.78709038759589,1.89822649637226
"chr1:212800220-212820538",2.93209418069577,3.02222888267473
"chr1:219610615-219615814",2.12260418487264,2.37418666896207
"chr1:221055790-221057437",2.07859202177652,2.37315857987606
"chr1:225653145-225673570",1.56513569926404,1.73026816094963
"chr1:231502321-231503215",2.07407231986815,2.21844478980462
"chr1:231503482-231506208",2.36407197580936,2.39714162736831
"chr1:231506544-231509626",2.24302945232538,2.44969930467218
"chr1:233053864-233083564",1.98694093381011,1.77486929466315
"chr1:236144053-236144811",2.74234935438891,3.02168823084166
"chr1:236145182-236148579",2.94991312752494,3.24492052243717
"chr1:236157272-236174483",1.80783258113199,2.14157468052775
"chr1:236205692-236208657",1.72479286867229,1.88746886401872
"chr1:236212389-236223877",1.80206226944321,2.10405826148615
"chr1:241750138-241751950",2.50543571513638,2.66493545510601
"chr1:241752232-241753214",2.16382388905204,2.2190874481288
"chr10:698693-707866",1.91714393537222,2.49290475135895
"chr10:712662-714300",2.12554507833807,2.43273272403554
"chr10:715621-735334",2.13865862771798,2.38037833341821
"chr10:3493146-3528986",1.67865474636133,1.96105378294379
"chr10:3824506-3825308",2.24027941059563,2.30369793745418
"chr10:3825573-3827005",2.22027017389728,2.3492950100825
"chr10:5638181-5650338",1.53723322868665,1.88439714908891
"chr10:5684616-5690833",2.74522075144362,2.92702737102742
"chr10:6259254-6261382",2.14848846185899,2.44727779120991
"chr10:6268510-6270059",1.88913379270557,2.14127673772905
"chr10:6270358-6270972",1.51214859732621,1.77537938950282
"chr10:6271243-6273126",1.71308009847754,1.95296768264329
"chr10:6273377-6274758",1.59038731281207,1.82687772581768
"chr10:6287894-6290565",2.0088049238266,2.16038271429557
"chr10:6319870-6334963",1.71487460448534,1.88473700013845
"chr10:6487741-6498536",1.86086665553765,2.1926103285657
"chr10:6498874-6504165",2.8326135734291,3.16974572489296
"chr10:6506466-6520854",1.96911289950819,2.24876079284885
"chr10:6533874-6538897",1.77785698693316,2.20700913097679
"chr10:7580859-7601132",2.26625505565317,2.52944356435375
"chr10:7608470-7611025",1.62760127667809,1.94800966968464
"chr10:7640545-7642392",1.61804390065859,1.96728813651048
"chr10:13698029-13698536",1.52711313220354,1.80699853795591
"chr10:13699622-13701223",1.7355075881199,1.85744752612432
"chr10:13736139-13743240",1.83228721281979,2.05088929810622
"chr10:13754154-13762439",1.54587658774442,1.75475975117957
"chr10:16996647-17007539",3.81435927783527,4.02527522855116
"chr10:17032614-17061732",4.07080250957816,4.45747493421819
"chr10:17062082-17082932",3.66823118389963,4.0066263720739
"chr10:17273192-17275124",1.62045680792508,1.98005412967116
"chr10:17278478-17279129",1.61089109089946,1.80148853265867
"chr10:21567370-21587911",1.58270517101968,1.62124942147194
"chr10:24727508-24738262",1.82954264782461,1.80519854191603
"chr10:28897622-28899528",1.65498036391674,1.57376501540528
"chr10:32558502-32560382",1.72962364324904,1.956400228885
"chr10:33469393-33471526",3.24411388696447,3.44518732992849
"chr10:33471776-33474456",3.76186046967354,4.04818079519412
"chr10:33475516-33481109",3.81730032717377,4.13751163318772
"chr10:33481446-33483200",3.75280972105737,4.02254736984937
"chr10:33484604-33486449",3.89098846556144,4.19199525833717
"chr10:33486737-33489846",3.34062739207643,3.31048284307389
"chr10:33496744-33500105",3.01942681406174,3.17167614577717
"chr10:33559884-33577134",2.80601047199396,2.95114481569042
"chr10:33577629-33619536",2.76662312347895,2.87206023172461
"chr10:33625290-33630483",1.57294529780776,1.92438903567021
"chr10:35490514-35495723",2.21464462588654,2.33412869133367
"chr10:35496079-35499244",1.6594015348401,1.88122066162894
"chr10:35683906-35722939",1.88968794079205,2.21183526665329
"chr10:45451273-45454265",1.55690702455419,1.80496660537401
"chr10:45455414-45465513",3.33016612358681,3.64430973690818
"chr10:45467396-45471477",2.29817970420008,2.70851568164387
"chr10:45474358-45476240",1.85409987707424,2.29216408719653
"chr10:45480518-45484622",2.62586606129937,2.93147770268909
"chr10:52749828-52750845",1.5755541929492,1.71951415321102
"chr10:60033344-60035778",2.99899317301286,3.1118858531249
"chr10:60037182-60042559",1.87652354189026,2.1169602608566
"chr10:60380761-60409768",1.71116522108165,1.86644629807571
"chr10:62632148-62634612",3.24075140525435,3.43042205013128
"chr10:62634901-62636776",3.3497864251583,3.42925045183449
"chr10:62637916-62645770",3.15042595339519,3.24488380408514
"chr10:63526624-63541403",2.5710289480982,2.90592801964026
"chr10:63810859-63816776",1.75129405634877,1.88139677624797
"chr10:63819154-63829359",1.67981941573636,1.82049675495653
"chr10:73567864-73569477",1.50688211763935,1.70074669596264
"chr10:73585750-73587671",1.70142991292304,1.7974599549929
"chr10:73848890-73856178",1.56752481630868,1.82844475724941
"chr10:73983914-73990024",1.60612350667138,1.55699233178026
"chr10:75536077-75538486",1.9577373769464,1.85766403888531
"chr10:78916038-78943079",1.89841708917026,2.10927675598483
"chr10:78944774-79009331",1.9166986417391,1.80301200837444
"chr10:79347017-79395857",1.83886547294618,2.0100531428068
"chr10:82168499-82179654",1.77879562210962,1.71045172220705
"chr10:82187352-82191642",1.54344798625296,1.68967141001113
"chr10:85918774-85933394",2.16801580598972,2.76478043757014
"chr10:90642714-90653528",1.74395592457477,2.14992955383308
"chr10:90653770-90660732",1.64340807987288,2.0020766414168
"chr10:90670868-90672013",1.51509766446828,1.77437811971184
"chr10:90683344-90692300",1.68023118562842,2.1242762401236
"chr10:90701726-90703454",1.52954270102005,1.75076502601692
"chr10:90712630-90732839",1.53677199887167,1.85598402074772
"chr10:91263128-91290298",2.84181999888196,2.76537448981321
"chr10:93322983-93388099",2.49473541568606,2.62217128970137
"chr10:93390723-93392613",4.28635367501275,4.53566272121173
"chr10:97074983-97077977",1.69003060437763,1.92192228321036
"chr10:97078289-97081620",1.84328931426686,2.02504389529943
"chr10:97082662-97096178",1.77188107059707,2.04825356547055
"chr10:97097151-97098790",1.81885686159481,2.03811198283732
"chr10:97106309-97110866",1.78995856755507,2.12357088533767
"chr10:97201037-97242091",1.70135458626271,1.72683119139309
"chr10:99362097-99371167",1.61600588325938,2.02386355424435
"chr10:102488049-102495260",2.52714827440848,2.93651047504221
"chr10:104379319-104386832",2.01702770367232,2.18253411338583
"chr10:106064803-106071794",2.35814082247458,2.79675736435824
"chr10:106075922-106083027",1.94934159342814,2.15939465352267
"chr10:116286790-116304664",1.93827959385968,2.17062367719803
"chr10:116370576-116416169",1.89721792007701,2.22771205588372
"chr10:119305427-119307476",1.56924914803085,2.12132644784743
"chr10:125754413-125763720",2.61690561746341,2.74419189059373
"chr10:125769955-125771749",2.10988757502238,2.20989224482102
"chr10:125772096-125780498",1.99073336622153,2.22036833791372
"chr10:125781028-125797931",1.56891999727207,1.49300367247373
"chr10:125798287-125801717",2.00979994514643,2.17302431401621
"chr10:129670279-129676005",2.15048047269004,2.64908591975495
"chr10:129676784-129681860",1.95629454197157,2.45198263114326
"chr10:129682239-129690720",1.89324838312485,2.36008319223968
"chr10:133773431-133781478",2.5340003875227,2.69081451993608
"chr10:133784574-133786438",2.10389492818679,2.27028893100801
"chr10:133787547-133793861",3.50396435960678,3.67363376646477
"chr11:267090-278265",2.17951782408163,2.51558528831612
"chr11:282897-284130",1.54491389269509,1.73467415081584
"chr11:285459-287205",1.94992278763525,2.10890519247797
"chr11:2384244-2393768",2.84639784517555,3.07674927789051
"chr11:2394080-2397307",3.3468784494777,3.69642941956093
"chr11:2400536-2403590",1.80926279899235,2.0339490205102
"chr11:2403880-2405780",1.54902562743511,1.95835626384161
"chr11:5629724-5631275",1.64201483315579,1.80104944731651
"chr11:6341977-6349696",2.44208425414305,2.77993098669369
"chr11:10315854-10324104",1.97666175371118,2.24420435079614
"chr11:10628419-10631175",1.69460441253502,2.02200655641557
"chr11:12883961-12886133",1.9443294532593,2.08519793697785
"chr11:17548978-17552601",1.53699525560864,2.10673669951348
"chr11:17555521-17565719",1.58625033257127,2.09100578320136
"chr11:18419045-18420077",2.26892025501007,2.33240194351485
"chr11:18422672-18423982",2.81375828566054,2.98263557655599
"chr11:18425458-18426896",1.9642111458575,2.03698988638334
"chr11:18427445-18428099",1.96966077340973,1.86340072562225
"chr11:33913936-33975233",1.66294902668185,1.81770256379751
"chr11:44964842-44968490",1.79129996037892,2.07173457607781
"chr11:45883799-45888879",1.67997882257387,1.82681951420039
"chr11:47500604-47503894",1.61124104481065,1.67942458386286
"chr11:57564564-57569105",1.5235992902806,1.52458648474274
"chr11:59563285-59564656",2.17365861132286,2.28188762537903
"chr11:59564969-59567048",1.73507921081155,1.71060709067442
"chr11:59940702-59942775",1.69273953298203,1.85442092855161
"chr11:59943184-59944392",2.03176341527673,2.32932442895371
"chr11:59946401-59946864",1.94460295584356,2.40248604210143
"chr11:60146237-60150502",2.11588505367108,2.47214614084527
"chr11:60151239-60152461",2.26938989348526,2.62219905884166
"chr11:60152795-60153873",2.2814290582882,2.54679339005624
"chr11:60154347-60156409",2.25080046134671,2.51698041837302
"chr11:60157558-60160058",2.52757203017235,2.7892494400395
"chr11:60160359-60161160",2.28106660028474,2.49087097820902
"chr11:60823365-60828674",2.00649806972897,2.13154876132211
"chr11:62172741-62183936",2.49354263910062,2.71907628168776
"chr11:62194296-62200916",1.70319452834122,1.68678920960847
"chr11:63307196-63311972",2.11667406185676,2.32647765322504
"chr11:63314034-63320142",1.5769330939893,1.77417358605317
"chr11:63330955-63340567",1.60330577145896,1.91026546673796
"chr11:63342618-63357472",2.19336466037726,2.4271366418581
"chr11:69459056-69462625",1.79648663571732,2.07961176852
"chr11:69463108-69465786",1.85926186263779,1.94140797628169
"chr11:72284373-72287085",2.30229829116816,2.65712248128097
"chr11:73022975-73053941",1.69537620034432,2.01553858063668
"chr11:73064407-73066478",1.71389985874025,1.6138245900962
"chr11:73080236-73087209",1.78702660310068,2.05428653794293
"chr11:74883714-74899081",1.89985668138668,2.21570684581648
"chr11:74899383-74904163",1.98766912888967,2.16401298675415
"chr11:74904720-74907199",1.66656215537779,2.01847978710442
"chr11:76341507-76365113",2.52058321342494,2.68980085798209
"chr11:76365699-76367393",2.89200322525488,2.93311678186763
"chr11:76372652-76373573",3.1946897258491,3.2742195188228
"chr11:76375010-76376815",3.2787112376354,3.3792173507823
"chr11:82888961-82891086",1.54881304314518,1.65258979880482
"chr11:85397420-85405167",2.08558934539435,2.55739724408804
"chr11:85407637-85408922",1.67625128748954,1.96006648415481
"chr11:85411766-85415800",1.96343117259979,2.37878808583613
"chr11:85416398-85418372",2.14250662366105,2.5286000909661
"chr11:85420643-85422056",2.0668664292553,2.54360458999769
"chr11:85656189-85668627",1.82867858226438,2.01368210334405
"chr11:85670203-85671618",1.5492398074814,1.71987761234129
"chr11:85688148-85689013",1.86421043734651,1.80868307095426
"chr11:85689858-85692072",1.96555812163809,1.9745386011968
"chr11:86166952-86168308",1.55175511471362,1.75135954920225
"chr11:86522375-86530780",2.71918636697367,2.93220346978874
"chr11:86598886-86603156",2.60599576537304,2.90732935439887
"chr11:86607682-86632178",2.77949510833054,3.02888491344508
"chr11:86664052-86665743",1.59033222712034,1.60686571277434
"chr11:86712101-86732144",1.51181790305685,1.63640769488568
"chr11:88142491-88155821",1.80179864129157,2.12435185966845
"chr11:95562595-95564090",1.68235317499167,1.77292942184538
"chr11:111407856-111410905",1.54191659192247,1.75109465047459
"chr11:111432364-111445757",1.78939023161505,2.06140676024375
"chr11:113957751-113992440",2.14683191948461,2.29944505388138
"chr11:114113159-114117412",1.96119225071142,2.18963772735545
"chr11:114118187-114120948",1.63951522088605,1.80799646735488
"chr11:114169149-114182667",3.59785569036988,3.94040763051466
"chr11:114184107-114194607",2.71989718361769,2.92937469337075
"chr11:117403337-117539098",2.48469225269482,2.41997139798851
"chr11:117539673-117647406",2.81583123294213,3.1795126940545
"chr11:117672850-117688005",2.17327217916616,2.60835498068392
"chr11:117860508-117863623",1.59245643589208,1.74866295204921
"chr11:117866525-117869330",1.91956203688895,2.05731939998038
"chr11:124629409-124631881",2.59525771653802,2.96579244681911
"chr11:124638024-124641854",2.25698728403929,2.47004281567359
"chr11:124751466-124753487",3.19313659188987,3.47339862813059
"chr11:124768496-124788989",1.61021013380682,1.6721751730633
"chr11:128317865-128328556",3.3105337876972,3.65379614850542
"chr11:128332571-128333304",3.25494090808404,3.34609223493902
"chr11:128333945-128349986",3.24164717223308,3.35760620474028
"chr11:128350446-128354614",2.98545265911482,2.94638467529386
"chr11:128360571-128374786",2.09270058061094,2.51955200924519
"chr11:128375389-128391708",2.64541414003723,3.05539592878043
"chr11:128677234-128678952",1.5117736739433,1.73060838731607
"chr11:129221268-129245735",2.61382631021401,2.67323455762859
"chr11:130263788-130274720",2.3271085544917,2.71704686514608
"chr11:133874209-133896782",2.60067792725236,2.77466230098076
"chr11:133987072-133993623",2.83337878614222,2.99811928871204
"chr12:2102657-2107001",1.52130416346055,1.54257795339161
"chr12:2107241-2113267",1.92222746021094,2.00631597879147
"chr12:3260742-3310241",2.47927096362381,2.50304095392253
"chr12:3324621-3381978",3.10788131122033,3.26061305300943
"chr12:6234036-6264101",1.51167873241792,1.69822780556339
"chr12:6269985-6308781",2.55509210666654,2.79686379038731
"chr12:6441259-6442132",1.93497361492142,2.2002253797095
"chr12:6641997-6642530",2.29560112805736,2.5826142456781
"chr12:7027426-7028630",1.83333974555876,1.84355663325094
"chr12:8088971-8128755",3.7443033986644,4.00629251347162
"chr12:10367478-10370562",1.54548604737026,1.63554098128832
"chr12:10430162-10456945",1.54968104642282,1.68995861461831
"chr12:10464382-10465906",1.7499061182097,1.81162252934009
"chr12:10469950-10475766",2.47886435987708,2.4657556776758
"chr12:10857625-10862407",2.06474767311839,2.02538397118307
"chr12:10868847-10870212",2.26780084421353,2.3808212426233
"chr12:10871842-10873290",2.66044371941519,2.78379653716167
"chr12:12938728-12939743",3.06753496068584,3.31880238006101
"chr12:12944500-12965095",2.30748220403921,2.59536713375662
"chr12:15308317-15369930",2.46771204095216,2.88675203468165
"chr12:15774464-15775992",1.6224316799673,1.64325510582645
"chr12:15777441-15784276",1.75413551949343,2.01922285646738
"chr12:15784796-15793537",1.50217641707589,1.74279464352866
"chr12:15807464-15810728",1.73685358567896,1.81134438303053
"chr12:15815726-15817857",1.76577177104306,1.78021154089201
"chr12:15866027-15880963",2.10226195579087,2.2893342413181
"chr12:26243551-26272859",1.80753354003596,2.08423133838895
"chr12:27107326-27109376",1.61666507739442,1.85594884900113
"chr12:27129390-27130785",1.5762813212764,1.66626079441265
"chr12:27133679-27135606",1.68452476668596,1.92372044976685
"chr12:27136629-27138767",1.51057731757829,1.75134209915361
"chr12:27139018-27143283",1.52112935741688,1.79176222237143
"chr12:27811881-27813717",2.18877393862601,2.4171629063309
"chr12:40590675-40617361",1.76004210121838,2.0605404443323
"chr12:40617705-40618713",1.92363775845147,2.19826443711121
"chr12:40626685-40629328",1.88937091787967,2.25526848552943
"chr12:40634519-40637252",2.05128778709609,2.51361070996415
"chr12:40637583-40643528",1.67009813642017,1.99373202940928
"chr12:43171760-43193610",1.60137085791448,1.67079138004
"chr12:46582954-46589408",1.57632718373246,1.54140661010053
"chr12:46595081-46596693",1.91872149272243,2.06041754016147
"chr12:50052477-50055418",2.03053891324479,2.04777438948477
"chr12:50062437-50082128",2.28109110053351,2.61693032138602
"chr12:50082509-50100738",1.57579147503189,1.70939920541448
"chr12:50153205-50155387",1.64086317604491,1.56085879992343
"chr12:52386225-52387669",1.54248650494736,1.55441889727958
"chr12:52390962-52400624",1.54858670504457,1.56739183425129
"chr12:52401149-52402872",1.86831782230707,1.97168543246458
"chr12:52403123-52404205",2.25197661984555,2.40841347843946
"chr12:52405235-52407180",2.04189377867544,2.23432666469693
"chr12:54389793-54390354",1.69863119029503,1.79355000310853
"chr12:54390669-54392706",1.68420314854148,1.75316556774283
"chr12:54397221-54402732",1.62886582335294,1.9397602489514
"chr12:54416473-54422042",1.92434891444421,2.2918921643937
"chr12:54785182-54788945",1.66605603096238,1.81820149682595
"chr12:57631796-57633229",1.80034645227044,2.11853788755312
"chr12:64480906-64484956",1.55894841841509,1.71683146231757
"chr12:68774611-68777000",3.18825153137756,3.48535274937189
"chr12:69044762-69045362",1.58156452364009,1.85310202949342
"chr12:69045931-69047792",2.05267288298393,2.31160956428096
"chr12:69048132-69049986",1.81129383194486,2.00701197362181
"chr12:69307902-69326358",2.43041764901236,2.62382951902321
"chr12:72658501-72665503",1.74702962235722,2.15763000609582
"chr12:75831441-75874360",1.7620456133608,1.43286690098324
"chr12:75878770-75881419",1.65672143402176,1.49537005076603
"chr12:89747148-89761484",1.99763851118728,1.98864948545574
"chr12:89766236-89796395",1.75517381572414,1.89026294565001
"chr12:92583536-92605306",1.68093162172898,2.0145148932301
"chr12:92885967-92902811",1.6535391246304,1.71954657445485
"chr12:94184632-94208812",2.22204000085311,2.42510404774511
"chr12:102308110-102313697",1.75474158210378,2.05114988148542
"chr12:106466721-106477542",1.66052377194696,1.89290854811959
"chr12:106734876-106739964",1.61611790675826,1.73353553993522
"chr12:109125472-109132160",1.61873714389535,1.80548225329238
"chr12:110372056-110376085",1.86513037095195,1.96927630987674
"chr12:110378406-110380547",2.72927689669918,2.75613386821912
"chr12:110380926-110382965",2.11658785985181,2.27924192429712
"chr12:110386751-110388399",1.66584482786172,1.6726744211069
"chr12:110399590-110403231",1.57011559454928,1.62678683050416
"chr12:111072684-111073372",1.70461946323232,2.03900947510205
"chr12:111074406-111078088",2.59757509851151,2.76015331605805
"chr12:112195003-112204591",2.22335781722365,2.17293410290532
"chr12:116974423-116985811",1.50319718536018,1.9090206626769
"chr12:117521995-117535714",2.24961232832156,2.69215581103735
"chr12:119624993-119631404",3.47414521893984,3.73179741608997
"chr12:120107831-120109200",1.69201936487558,2.03618399255805
"chr12:120110369-120111515",1.96947596383076,2.291784196632
"chr12:120112359-120114242",2.01173537679032,2.30330763305462
"chr12:120114575-120115060",1.79264695160755,1.97942916642569
"chr12:120119535-120123495",1.74025781613822,1.98087345902974
"chr12:120128359-120135364",1.73969173503908,1.95958529043008
"chr12:120136090-120137473",1.67057802102956,1.8681018380969
"chr12:120146223-120147956",1.54169285595553,1.65533750141139
"chr12:120148999-120149883",1.59201780497857,1.64102853935116
"chr12:121154945-121157623",1.76654194089924,1.79211920668608
"chr12:121355139-121367735",1.84825324028303,1.83392786902065
"chr12:121570998-121586713",1.51907493366387,1.73215028019618
"chr12:122503828-122505832",2.12125800500549,2.38635333902897
"chr12:124451806-124452470",1.70400088110417,1.78156457426039
"chr12:124453226-124454437",1.73422622868607,1.82365555051875
"chr12:124907201-124911068",1.82586941628329,1.74424254111098
"chr12:125386257-125396050",1.56395290759214,1.40915759960824
"chr12:127650772-127685887",2.27107688013392,2.63327230118298
"chr12:129279001-129283704",3.53740050521178,3.65741195436462
"chr12:129284062-129285252",4.3465362128839,4.54362094383264
"chr12:129286346-129293233",3.40686316326983,3.45058652067341
"chr12:129295003-129299220",3.11635663626102,3.22304791337318
"chr12:129308628-129337872",2.01822735660781,2.46680912926084
"chr13:20978980-20987321",2.6418437219012,2.89724818981115
"chr13:20987626-21001169",2.08666948895579,2.43734420442306
"chr13:25889705-25891729",1.86919499891329,1.98632908809494
"chr13:25892061-25893364",2.04591211247101,2.0645289569781
"chr13:28959268-28963833",2.79066512396946,2.76646121571007
"chr13:28973355-28979817",4.03033537598361,4.07106654151227
"chr13:28980131-28988767",3.49037061079018,3.73718870739349
"chr13:29285080-29286717",1.66757973078844,1.78064670143913
"chr13:29287787-29291847",1.87878724589279,1.92081947357234
"chr13:29298258-29304358",3.0602338707693,3.32607465384147
"chr13:33687430-33692102",2.3055131264974,2.59579212253314
"chr13:33692500-33700118",2.40849424212139,2.80119700901038
"chr13:33760316-33779856",2.61584831281795,2.91151440440781
"chr13:33780243-33845416",1.50386226122157,1.70005322236076
"chr13:42032706-42038151",1.77862224756484,2.01560110037988
"chr13:42038416-42040859",1.73936298937731,1.9676573107968
"chr13:42041166-42042812",1.84973670153379,2.13166585496312
"chr13:42043080-42044514",1.86478369398631,2.2880377265523
"chr13:44714830-44716582",1.97892556330292,1.98486900987777
"chr13:44716932-44717579",2.64492302788108,2.86715181063968
"chr13:44763936-44808154",3.40971617341755,3.69889799044273
"chr13:44813141-44817171",2.57534129268617,2.9924203230605
"chr13:48792427-48807194",2.21017454328268,2.51310309929573
"chr13:48828172-48828936",2.12184674550879,2.42361527345022
"chr13:48829206-48830213",1.81317770166782,2.10400697875767
"chr13:48830619-48832162",2.17095259587151,2.24633508726843
"chr13:48833183-48835173",2.30961963861519,2.40807730149892
"chr13:48837163-48841755",2.55930995344066,2.82249082244657
"chr13:49049074-49050436",2.64770792198271,2.71487583199789
"chr13:49051640-49054034",2.24509951524661,2.18953279708171
"chr13:49064487-49065688",3.03121120665416,3.19557633991521
"chr13:49070557-49073657",3.04726770308799,3.27734945685385
"chr13:49077150-49084665",2.82529728764854,3.12589628088249
"chr13:49147553-49151010",5.24579575431911,5.5109256460748
"chr13:49152324-49231701",3.34927806107098,3.69262485433607
"chr13:50096343-50097211",1.56276268098315,1.77192287428521
"chr13:52351619-52364047",1.56678073018541,1.71175039374692
"chr13:58202863-58205844",1.66597944793096,1.86294257991528
"chr13:58209345-58240502",1.73385371796095,1.87499473275958
"chr13:76410693-76412176",2.03777270448874,2.39374238948267
"chr13:99064388-99076726",1.52347600839723,1.84622982291298
"chr13:99448567-99449269",1.63514027010317,1.7499860338914
"chr13:99449843-99452442",1.95203930261654,2.27481058553352
"chr13:103475303-103483815",2.16397043931749,2.48745821942775
"chr13:103484147-103486716",2.32256637456147,2.5609459696959
"chr13:103487002-103490893",2.18278467746573,2.45418811637185
"chr13:103491189-103491801",1.87553414174679,2.16053511651469
"chr13:107148288-107164777",1.70208950952914,1.92315074948576
"chr13:110839776-110842990",2.97593091335444,3.1267570104506
"chr13:110866462-110894922",1.9629352790204,2.21771631987805
"chr13:111009999-111066452",2.49538821023123,2.72848113184722
"chr13:111099311-111101926",1.82536581946526,1.90355895875811
"chr13:111145729-111147589",2.02710970253477,2.0911378606516
"chr13:111147914-111153915",3.0099434225367,3.18561700761432
"chr13:111156711-111158662",2.06770184398329,2.26377237928901
"chr13:111160777-111164181",2.49002929974644,2.51806831221601
"chr13:113709319-113714807",2.48678197451221,2.54215575536318
"chr13:113754153-113755463",1.55655796778636,1.69854765582557
"chr14:23245627-23247902",1.60161871018054,1.75788537971525
"chr14:30258615-30281022",1.66011906594428,1.85760756125829
"chr14:34487961-34509203",3.16976904716921,3.3091243381169
"chr14:34510575-34528238",1.69870317266906,1.94853951679099
"chr14:38719395-38723208",3.1198087695723,3.42337656984043
"chr14:39736826-39738466",1.51428504610253,1.98360667751873
"chr14:50786119-50787937",1.57633937421063,1.84885783659767
"chr14:50788412-50789129",1.83672319432032,2.05558150531482
"chr14:50789710-50790563",1.91060619074663,2.00977077545523
"chr14:50794727-50796210",1.82594678996237,1.80336087919992
"chr14:52466691-52468416",1.67821645681919,1.86532963265769
"chr14:52468734-52470630",1.53625379957524,1.77709200271496
"chr14:53331671-53338076",1.9679275412621,1.89678950789526
"chr14:53342175-53345200",1.65727283919692,1.77751858231636
"chr14:55034930-55119301",1.64316141310419,1.86209658770015
"chr14:55170685-55201558",2.40888555005992,2.42506855035795
"chr14:62023370-62027361",1.68123113150541,2.07809414610132
"chr14:62165764-62182176",3.54810356067871,3.86666003782421
"chr14:62182646-62183587",3.75598286276925,3.99847071479472
"chr14:62183835-62186997",3.93018581903926,4.13408035805355
"chr14:62187390-62188127",3.34022102627687,3.61908896470112
"chr14:62188642-62193039",2.28244726536547,2.53844160564942
"chr14:62194473-62199036",2.8343446355557,3.13149757380603
"chr14:62199342-62200756",2.35427600703095,2.69417632403366
"chr14:62203927-62204705",1.54853719276655,1.72499706315481
"chr14:62205191-62206679",1.53754682543043,1.69307938395378
"chr14:62208006-62211323",2.04890290768844,2.17188143180962
"chr14:62212635-62213552",1.64822900290402,1.76728347686218
"chr14:62215076-62217503",3.17473737557992,3.36649796923623
"chr14:69522428-69529001",1.65508208086073,1.82759079599049
"chr14:72139439-72151979",1.91793723357176,2.0285804422523
"chr14:73129641-73136560",2.20334624311662,2.60125654482973
"chr14:74188427-74188969",1.6146483746341,1.92069310316464
"chr14:75398048-75408437",3.17953456542155,3.43480979187732
"chr14:75409536-75411167",3.07761127920475,3.09266683438265
"chr14:75416356-75420507",3.9385861943271,3.99219653676817
"chr14:75422587-75456448",2.20799922882132,2.59735261153355
"chr14:75928333-75935893",1.80897819051262,1.91779837627073
"chr14:76108419-76112644",1.7062580967798,1.93060890894741
"chr14:77229573-77236124",2.20194251717918,2.18895035779088
"chr14:77237689-77239380",1.89120493674948,2.01108271473158
"chr14:77538215-77540785",1.5662089000636,1.79894763054126
"chr14:88478519-88481761",2.09283472031954,2.55579670436964
"chr14:92920513-92922648",3.60421424958296,3.95932477102137
"chr14:93022400-93042479",1.55623050319857,1.78937868205282
"chr14:94187992-94192082",3.10010151745041,3.36280334916479
"chr14:94850567-94854797",1.76217795359793,2.1131074074279
"chr14:96752422-96753427",2.04561183164011,2.18615205422331
"chr14:98435984-98444214",1.54326902704237,1.85888738958257
"chr14:103523899-103542668",2.45038044546049,2.74742714447667
"chr14:103561277-103564855",2.1471050705892,2.67261621311513
"chr14:103674226-103707729",1.86255103501431,2.04449054198662
"chr14:103708409-103745460",1.53878501600673,1.69949342037247
"chr14:104565416-104569800",2.77786659627886,3.07340600879025
"chr14:104575752-104577739",1.79879353209677,2.00592898679068
"chr14:104579198-104583642",1.95554367945507,2.15028062118067
"chr15:29971472-29972856",1.94377450507129,2.31576309360093
"chr15:31210598-31212648",1.66266619870306,1.72540175342279
"chr15:31242639-31244071",1.61933298864651,1.79158578455845
"chr15:38782989-38786483",1.99291720003357,2.05564128380605
"chr15:38834644-38851922",1.61937314286182,1.89551298124406
"chr15:39547146-39565941",1.5823832701997,1.77124291413811
"chr15:39886741-39887463",1.76615877704467,2.03450507566841
"chr15:41224745-41226646",3.9593826470817,4.12929926493936
"chr15:45657158-45658144",3.34280754343368,3.7367847525609
"chr15:45672857-45688265",5.1387670870848,5.39428395816098
"chr15:60797928-60802507",2.11602216311875,2.52829470950628
"chr15:60804396-60806715",2.17125085678472,2.30354811773739
"chr15:60850700-60884486",2.18629215706718,2.67896170587815
"chr15:60998651-61028868",2.1294453285146,2.1512872951066
"chr15:63336451-63338133",1.75565938359478,1.79024689713005
"chr15:63341686-63346548",2.54218355856423,2.87955063276952
"chr15:63355191-63355903",2.1414966993179,2.19925926927761
"chr15:63357127-63357995",1.56969994291222,1.53446982182434
"chr15:63358475-63361969",1.99635313707137,2.07954220027829
"chr15:63624112-63630918",2.09072996654163,2.32492452901281
"chr15:63667977-63670854",1.9275817466537,2.21509776190298
"chr15:64993618-64995128",1.65754643967553,1.96587927848702
"chr15:65033541-65040518",1.50167648485039,1.60596935210607
"chr15:66905412-66956600",2.19576402192984,2.11179889983283
"chr15:67273066-67278599",3.30231757763075,3.68213511698312
"chr15:67280085-67286330",3.84053886443057,4.2364579331777
"chr15:67286625-67293015",3.77364055181856,4.03051814393679
"chr15:67293619-67351378",3.31829826523735,3.60166853175939
"chr15:69591495-69606642",2.31590885041218,2.57140721981235
"chr15:69858229-69862979",1.52936270890372,1.92821470672908
"chr15:70983802-70987256",2.28991479042984,2.5144740692835
"chr15:72447900-72452048",2.87912933365285,3.18370448590096
"chr15:72462820-72465806",1.55869005141854,1.8572881623121
"chr15:72502919-72509650",1.58188193837317,1.68192903063808
"chr15:72753171-72757369",2.29555782690727,2.444822474657
"chr15:74340253-74344709",1.57940033380565,1.58201124517967
"chr15:75933659-75939194",1.71355591118574,1.70952338759826
"chr15:75954742-75966563",1.83206294278783,1.95900439425168
"chr15:80460861-80464391",1.54771509879965,1.89739466483106
"chr15:83474922-83478280",1.85854913928836,2.17235773279774
"chr15:84511818-84524836",1.68639143558846,2.13657935725065
"chr15:85407996-85410448",1.6158622670401,1.89046843662087
"chr15:85490842-85504657",4.33464670334457,4.66266548038905
"chr15:85504949-85518636",4.56129831859858,4.87391977578083
"chr15:85518976-85523571",3.86610100047242,4.19973697810738
"chr15:85620118-85626687",1.83929464656555,2.02153716664385
"chr15:85664345-85666192",1.77181362740921,2.10171932415678
"chr15:85666524-85669338",1.85618403446789,2.06642275616264
"chr15:85669705-85678743",2.06156217544401,2.18261108120923
"chr15:86118660-86122061",2.36854337004668,2.83734109097582
"chr15:90328832-90333591",2.32637035717586,2.66967382981864
"chr15:90336518-90340576",2.13221739759033,2.53601747534144
"chr15:90350276-90357904",2.47691854055934,2.90098217246964
"chr15:96803607-96809515",2.26034791509833,2.47741443331593
"chr15:96843794-96865668",1.93484496121185,2.28308980374058
"chr15:96870690-96873846",2.34953538190946,2.6013163425063
"chr15:96877932-96880477",1.81809111726733,1.83656687852027
"chr15:96883592-96897366",2.0143328760246,2.40140737571199
"chr15:96936760-96939185",1.68608586009951,1.99220753269401
"chr15:99971333-100017270",1.78511420815919,1.95983892196826
"chr16:1592177-1603822",2.51771034198434,2.64365917254504
"chr16:2535617-2545933",2.47790767134986,2.83068813960495
"chr16:2548497-2549258",2.2368071129056,2.57187327022095
"chr16:3119920-3126812",1.52276247364083,1.56829803732477
"chr16:11845462-11846425",1.70283876588936,1.78416227422245
"chr16:11847118-11849993",2.22082977670532,2.29742473303621
"chr16:11850326-11852187",2.17647023867297,2.3660781266606
"chr16:11853806-11855162",1.64004688000515,1.63747800527573
"chr16:12062700-12070325",1.69477413599328,2.02593003565007
"chr16:12071807-12093054",1.87857579806045,1.73276492181169
"chr16:12184259-12187384",1.52927515509981,1.998423483318
"chr16:12230856-12284737",1.60013008861499,1.91083872736819
"chr16:20861087-20866147",1.96887980461299,2.341849374592
"chr16:20922686-20926778",1.96273059001782,2.22575602285658
"chr16:51185378-51210075",1.51114846192404,2.07440775236375
"chr16:53798292-53819322",2.05985904392791,2.18530466875798
"chr16:53968121-54015041",2.32582306668837,2.47508681098344
"chr16:54082012-54086362",2.54780107443961,2.52592125799459
"chr16:56949862-56965860",3.3320183865013,3.27350433263291
"chr16:56966403-56966996",1.55262479115378,1.50218269496979
"chr16:56967327-56968777",2.21647234588479,2.07189649728197
"chr16:56971425-56972956",1.87133288774355,1.7236058097874
"chr16:57850950-57864340",1.58255402881641,1.96543520255423
"chr16:66426988-66429258",2.38703609651819,2.65766997831367
"chr16:66438786-66442327",2.65542285505239,2.59198688405158
"chr16:66956356-66957319",3.00562301945183,3.03519657192666
"chr16:66957922-66958613",3.39141047557811,3.55397949864551
"chr16:66979099-66990918",4.42522597306476,4.73485395895962
"chr16:67201950-67202634",3.17413016185476,3.34987787934835
"chr16:68283449-68287225",1.56332658630225,1.71228416375157
"chr16:69960099-69963251",1.58865492004701,1.36270911050653
"chr16:79634711-79647485",2.46910388951186,2.83024931512072
"chr16:79748884-79750522",2.13855513145486,2.48954781411784
"chr16:83941987-83945188",3.60480037075588,3.58951085284556
"chr16:84651783-84677928",3.22914183252193,3.32551132076657
"chr16:84923069-84940094",1.76001697800256,2.03367610422939
"chr16:86602639-86609874",2.82850194282992,2.8986050657143
"chr16:86615403-86669834",2.01738677574788,2.19860003045731
"chr16:89974265-89975274",1.78842276854122,1.62112610026699
"chr17:202988-204428",1.87201981057337,2.29436650810266
"chr17:1539011-1539903",1.99334774538503,2.27299226573829
"chr17:1540456-1541334",1.90125971898815,2.18900998809385
"chr17:1544060-1546514",2.49423393631528,2.75356779257526
"chr17:1652134-1655780",2.9636708775812,3.31975569618083
"chr17:1656184-1657316",2.67080760387431,3.03352122588987
"chr17:4391603-4400589",1.65141183864877,2.03323511617174
"chr17:4500718-4510556",2.2249138243859,2.5996172994997
"chr17:8417312-8421849",1.7109568882193,1.89282521117551
"chr17:18088427-18098169",1.98811468476565,2.27757740492832
"chr17:18108884-18109775",1.83537482745938,1.81232977483912
"chr17:18110384-18111433",2.43533797727703,2.3827412303705
"chr17:18232802-18233769",2.03473328827565,2.17730361907739
"chr17:18864065-18872002",2.37769562069834,2.77722308087682
"chr17:18883086-18889361",1.94463200044183,2.30137042579913
"chr17:18891827-18906733",2.10506456899341,2.49457773480872
"chr17:18927796-18933589",1.82947654173751,2.12667491300739
"chr17:19454881-19458425",2.80335119153518,3.21473814935849
"chr17:21087876-21091924",2.6752715792883,2.80883226538354
"chr17:25907004-25909572",1.75262904979925,1.83129369443299
"chr17:25913123-25914038",1.83548198363871,1.92169733580996
"chr17:26675357-26676009",1.87860247767186,1.75900117610419
"chr17:29284079-29284753",1.84885343145013,2.12695833546483
"chr17:29286967-29291853",2.24143248937519,2.49401325852102
"chr17:29292618-29295703",2.51373896076783,2.79068594880287
"chr17:29296453-29297119",1.98149089656741,1.86552702151761
"chr17:33600774-33614200",1.66641029921706,1.82724095311054
"chr17:33837389-33841685",1.78577412458477,1.85932113933249
"chr17:36047495-36058982",1.89455617974851,2.40841124315619
"chr17:36059300-36060888",1.74093802889426,2.2674549085577
"chr17:36061282-36064824",2.1669070893461,2.70122429418213
"chr17:38600436-38609137",2.14148966931177,2.3797753563957
"chr17:38610414-38612601",2.27755971616077,2.17653032763775
"chr17:40469680-40474200",1.78205587898887,2.01172433894873
"chr17:43352060-43362079",1.78843578714367,1.99183605907961
"chr17:44064561-44067144",1.67502066723595,2.07633499588765
"chr17:44067541-44068726",1.59394989723352,2.05278723947821
"chr17:46126622-46127869",1.69806769558371,1.70930304869923
"chr17:46129090-46131590",1.60987822985873,1.57777479889419
"chr17:48175260-48177968",2.28448490834198,2.61099597610878
"chr17:49043848-49047968",2.14745863250996,2.46416822582993
"chr17:57409285-57422417",2.31428950648754,2.42925091116107
"chr17:59479412-59480322",1.59130253269751,1.75928945722071
"chr17:59480668-59481682",1.68039349629307,1.93753322952336
"chr17:62392071-62410936",3.31447891695461,3.39715334908393
"chr17:63011047-63014271",2.29697776894739,2.46933028414862
"chr17:65467801-65490365",1.76695812054661,2.10339155047467
"chr17:66522153-66523625",1.5480946941927,1.69681935725808
"chr17:72463232-72465985",1.59389509723947,1.84105997660969
"chr17:72478072-72480040",1.85382760141449,2.18802351512779
"chr17:72481033-72488698",1.62135714235137,1.91743635947465
"chr17:72507674-72517213",1.56878651414062,1.8394464283918
"chr17:72743782-72744612",3.12235997974415,3.41427258329306
"chr17:75109030-75123855",1.95354366379428,1.85256048017461
"chr17:75126373-75136718",2.78580120889643,3.10172952483287
"chr17:75141233-75148543",2.06418857799168,2.11228503763845
"chr17:75196855-75199552",2.60154522911949,2.88088891571883
"chr17:75199840-75201189",2.45718859145133,2.65118596006972
"chr17:76800160-76802138",1.50033322171173,1.66252259138449
"chr17:77030715-77037708",1.83427753300711,2.08376056667367
"chr17:78859048-78865420",1.50466388865404,1.54469954344761
"chr17:80153340-80156090",2.110023781222,2.30356804117483
"chr18:641641-644810",1.67334005962473,2.08466612196102
"chr18:659814-662046",1.54714060053151,1.75661941057269
"chr18:667852-668972",1.53557276654309,1.56155549543428
"chr18:678837-682869",1.55009340612219,1.52302577811049
"chr18:683495-685821",2.03903172972082,1.93675132528142
"chr18:8787442-8789572",1.95084324624325,1.99511139343406
"chr18:8789820-8792896",1.97195874783703,1.90558580135724
"chr18:8811354-8812743",2.01233305111819,2.1695053522553
"chr18:11981864-11993887",1.62839220780399,1.96251372264756
"chr18:12021921-12027942",2.16435064391007,2.48249248545695
"chr18:12032280-12039592",1.77033385983434,2.02465080015111
"chr18:13585552-13593005",1.62009437925818,1.94391950693258
"chr18:21057332-21058871",1.61249077512123,1.69424939272568
"chr18:32707681-32711782",2.14913450571957,2.42046965853636
"chr18:32712254-32720159",1.73905288558079,1.87163641185609
"chr18:33009688-33023733",3.03687995846827,3.04407869421582
"chr18:34092606-34124414",2.2590265854921,2.44122423816084
"chr18:42281897-42415638",1.87191858981816,2.11974334341804
"chr18:46415249-46446123",2.49924822065352,2.65100952329182
"chr18:46448380-46456404",1.95533533110033,2.00785359745759
"chr18:46460192-46468751",2.63620734177911,2.84021167208483
"chr18:56205884-56211360",4.61534750836287,4.86588462491657
"chr18:56348668-56357488",1.87291029773351,1.98287599234408
"chr18:56378285-56381215",1.5186900976231,1.85413064248684
"chr18:60999234-61002390",1.50750146406793,1.54835820399311
"chr18:71907890-71920430",2.35202723408457,2.5879520940769
"chr18:71921000-71922876",2.73256488762726,2.90953735621035
"chr18:71929016-71930484",2.94767556587976,3.21199744991091
"chr18:71930812-71958023",3.0915799414447,3.39352288348192
"chr18:72165359-72166477",1.61712647102902,1.53693077514204
"chr18:72168807-72172984",2.86073492274326,2.82926404770633
"chr18:72181153-72183363",3.10344105811532,3.11817428223988
"chr18:72186431-72187134",2.76232011262579,2.74658604817378
"chr18:72188466-72201575",3.40240370198489,3.65403598667831
"chr19:678183-679808",1.89301764321823,2.14760628507948
"chr19:4552751-4554300",1.87254836026938,2.06585186844248
"chr19:4706082-4713993",2.1574887923466,2.23519525466436
"chr19:6531414-6532697",2.82799780431311,2.934172281406
"chr19:6575746-6583094",4.00266707668102,4.31822405074982
"chr19:6583589-6585750",3.87166173712966,4.22171152560695
"chr19:6586516-6590014",3.06310700124978,3.30714089940651
"chr19:7174842-7184227",1.74795881594455,1.87311662381057
"chr19:7399111-7413748",2.4544166680306,2.68820214113771
"chr19:8420049-8428073",3.32998512827868,3.31914868322594
"chr19:8431303-8434003",4.26448293351472,4.43668575361413
"chr19:8434316-8435840",4.25056426687365,4.48084363032538
"chr19:8436506-8438489",4.33372417174601,4.54355100437732
"chr19:10916743-10919095",1.76417562430121,2.02900284269372
"chr19:11277387-11280252",1.68004514121431,1.91064501136911
"chr19:15311892-15331726",3.24387264159547,3.15397272813547
"chr19:17463277-17471237",3.53940720989236,3.73084319735699
"chr19:17477104-17487629",2.66088621128256,2.69618390283935
"chr19:18286607-18287850",1.76587219034292,1.92936051857011
"chr19:18512097-18520404",2.11685272897495,2.3174339240204
"chr19:18562558-18568915",1.79334369233074,2.12902143251906
"chr19:31603565-31638841",2.43172621346896,2.82295961352308
"chr19:34660795-34663309",2.52765683835506,2.83552130624899
"chr19:35525274-35527138",1.90402381823317,1.97349095121123
"chr19:35541525-35549863",1.77175259840521,2.18660533161539
"chr19:35551821-35556054",1.53964437196265,2.00207341407098
"chr19:39451984-39466126",3.27094101574218,3.71112644939262
"chr19:41713544-41725008",2.13417080727437,2.23253159148547
"chr19:41792699-41798050",1.5325326450463,1.74011162151084
"chr19:41813603-41815994",1.7340686231526,1.73936778579942
"chr19:46096055-46102815",4.09566883711324,4.4419223604283
"chr19:47114150-47123625",1.73830699402277,2.05994246502991
"chr19:48004954-48006550",1.53275959790574,1.75362804244086
"chr19:48221963-48228969",2.06794738170395,2.09938762770157
"chr19:48229676-48232774",1.72442098113637,1.58493045850504
"chr19:49228938-49229942",1.92355867844369,1.97455553832692
"chr19:49230787-49232094",2.11903852595189,2.28582462280946
"chr19:51633667-51639119",1.64793845526473,1.97047909495621
"chr19:51641991-51645456",1.5818665375372,1.85616825497343
"chr19:52298684-52306946",1.66759953888456,1.76066261665162
"chr19:53590944-53594187",1.8050681075546,1.96819432626654
"chr19:55615036-55622644",1.54871419236896,1.43871107207076
"chr19:56030565-56041000",2.10620504440489,2.59551199433003
"chr2:24245-38714",1.7546804833432,1.94487850286986
"chr2:43052-45340",2.0659067872049,2.18044800321692
"chr2:258251-259323",2.16259308680843,2.15804674753869
"chr2:10195093-10196807",2.27709897544317,2.67405580083572
"chr2:10409318-10420657",2.35230528079579,2.42554907208068
"chr2:10436406-10442915",1.67094286968141,1.9871117106629
"chr2:10494607-10536861",2.65904645048143,3.04958587788648
"chr2:10548960-10559760",2.3803281335491,2.74384542150261
"chr2:10560361-10563009",2.98238756421111,3.34893484223999
"chr2:11498262-11505124",1.74489777545592,1.54509404283451
"chr2:12824038-12855441",2.48078313656111,2.56873510617685
"chr2:20649300-20650703",2.05910617799859,2.2917408116745
"chr2:20701171-20760108",1.91192060327465,2.00851722584922
"chr2:20786546-20790435",1.83065411436401,2.0503576191651
"chr2:20792654-20797868",2.00891623653196,2.10382646769512
"chr2:20806514-20817482",2.0240445546068,2.03736789237833
"chr2:20819105-20821839",1.85152456631973,1.93242376565192
"chr2:20845365-20850692",2.03388802520846,2.09690273944095
"chr2:20873518-20877469",1.7018297134277,2.10043674063034
"chr2:27310990-27315100",3.7025588475828,3.93245523371326
"chr2:27315416-27316966",3.15394602056267,3.49165084701166
"chr2:27911734-27914325",2.22106571054395,2.44952779328948
"chr2:27997497-27998751",1.55627346930138,1.73843222631278
"chr2:28002708-28004131",2.08057058400082,2.333930095286
"chr2:28538547-28550041",1.60665393593338,1.86208663306142
"chr2:28550414-28561217",1.59424184723666,1.80180129894632
"chr2:28627325-28631526",1.7057411360706,1.71210699910713
"chr2:31457814-31467040",1.79109160560843,2.00352011204737
"chr2:31467416-31472137",2.25900782445588,2.41848392379656
"chr2:31472434-31483276",1.97540421132539,2.13969377633503
"chr2:36583866-36596158",1.91172188701098,2.20967498223179
"chr2:36596492-36605400",2.11293177361779,2.50276753399819
"chr2:36706937-36726262",1.90782156216605,2.02642894375455
"chr2:36756755-36758848",1.71819675185231,2.07516927789374
"chr2:36759264-36764395",1.75452431382255,2.07995478244046
"chr2:36764789-36771419",1.85238625732517,2.02924863250545
"chr2:36771741-36774027",2.14171837882852,2.45203553884371
"chr2:36774414-36775568",2.3353653454405,2.69070731967298
"chr2:43019833-43024265",2.57891808169248,2.81686699479805
"chr2:43025952-43039311",1.60256027179903,1.48500788642526
"chr2:46256232-46300476",2.22965345597127,2.28917900200555
"chr2:46525176-46562729",2.23744741269627,2.4690733676198
"chr2:46574776-46583154",3.5466721300904,3.73998784634234
"chr2:46584047-46587677",3.16842623857765,3.40577156651035
"chr2:46597172-46602675",2.96262789052307,2.91759062865573
"chr2:46609837-46611515",2.87377267774921,2.73982842752559
"chr2:48735011-48737054",1.53025249639996,1.76261309513781
"chr2:70819249-70834650",3.37572182420991,3.70958035969141
"chr2:71694163-71704922",3.24447121892955,3.52740347423194
"chr2:73308757-73311146",2.41999288361902,2.66472137330322
"chr2:73311624-73315078",2.71043202307249,2.93294621226098
"chr2:75720835-75734607",2.42830413248131,2.78906829746417
"chr2:75825785-75848826",1.50761064696901,2.00723452653882
"chr2:85811716-85818620",1.54307061065868,1.66881789922362
"chr2:86713082-86713951",1.76573061905923,1.72503376686758
"chr2:97213354-97214958",1.56533118665777,1.55785112424818
"chr2:99248622-99251585",2.09923104430904,2.35873940330194
"chr2:99388643-99398773",1.76847171530786,2.07027203437262
"chr2:105450050-105467670",2.13411174668494,2.61430918378396
"chr2:105477029-105481765",1.64118458380608,2.13463641092096
"chr2:105489153-105494580",1.90931849021599,2.32909377186353
"chr2:106498605-106509338",1.75022823557227,2.07173700494461
"chr2:108910910-108913007",1.58045560790452,2.01473545225317
"chr2:110066045-110104933",2.25774675449554,2.50188692622464
"chr2:111976334-111991105",1.57003932463853,1.70382372600368
"chr2:111991416-111994481",2.02580805792032,2.17753298987846
"chr2:113969296-113973474",1.55917819038841,2.01655051592078
"chr2:113978154-113983074",1.73664043827303,2.23377596225778
"chr2:113984933-113987993",1.63948118164097,2.10147250596669
"chr2:113988293-113992822",1.54395724207617,1.97489125398875
"chr2:118846342-118853895",2.67309946065606,2.89004964494628
"chr2:118854476-118860014",2.43919709077457,2.76674510175553
"chr2:118860997-118864135",2.47359612643857,2.72932305578689
"chr2:118868673-118883093",1.9421010938226,2.08603703236944
"chr2:120189926-120194365",3.87619582178121,4.25161476448503
"chr2:120197933-120199034",3.08878567675406,3.49657642801851
"chr2:121302002-121311219",2.56174988585257,2.75909421264907
"chr2:136743806-136751302",3.63116999050246,3.67309556245473
"chr2:136759796-136760715",4.20804069088841,4.37760329766168
"chr2:136761492-136764666",3.65710959853031,3.74790887186112
"chr2:136873913-136874999",1.6278891225671,1.88239819258195
"chr2:153476332-153478951",1.87403492062364,2.196464309815
"chr2:153479171-153481562",1.8523933126548,2.18570293759261
"chr2:162841892-162848651",1.72707709352951,2.11064936503588
"chr2:173901623-173912756",1.50513983276219,1.74027085683411
"chr2:174834246-174876484",2.56434981236811,2.66777844631324
"chr2:175427430-175430789",1.58773050512812,1.74493466889653
"chr2:175842725-175869522",2.21002551943458,2.1851191552724
"chr2:176989953-176994322",1.94136043895788,2.19777173844998
"chr2:178092781-178093819",1.59033453440793,1.67324233758399
"chr2:178094334-178094933",1.93107568926376,1.9803119477185
"chr2:188280645-188292964",2.78374701752476,2.82543077933793
"chr2:188385440-188391449",2.06536814306045,2.52705858206482
"chr2:188392107-188393991",2.03002608160992,2.52508574084102
"chr2:188412534-188418776",1.63835098060299,2.08663177844165
"chr2:190191855-190278045",1.63100670030465,1.44110885985548
"chr2:191308379-191318718",2.68512626936808,2.90900041344009
"chr2:191319347-191334119",2.27999230752492,2.45480904929243
"chr2:191775147-191777819",1.50349061309722,1.91482005212959
"chr2:191792556-191795063",1.53950095253327,1.87001413390315
"chr2:191825993-191827456",1.88985205500465,2.22071711816656
"chr2:192267544-192272284",2.0720761001706,2.12353517174593
"chr2:192701543-192711069",2.31214167736045,2.58301110811352
"chr2:201334839-201337455",1.58151106079301,1.90734574041986
"chr2:201337875-201342259",1.51652256532742,1.66093976777586
"chr2:202010513-202013357",2.04687137290702,2.41159987008046
"chr2:202025765-202027107",1.80301355586791,2.0945799640088
"chr2:202094229-202098066",1.7281587030399,1.83387173277359
"chr2:207953405-207974611",1.73097798465672,1.93499081017321
"chr2:209180197-209182491",1.75552384609751,1.98828038802637
"chr2:218468439-218558518",1.90388108361203,2.09345869688537
"chr2:218626114-218664412",4.54543637435794,4.72205259356486
"chr2:218669426-218672698",3.66699463410245,3.71028446385843
"chr2:218680191-218682313",4.08420977105865,4.21637881897235
"chr2:218686761-218694467",2.66385087860106,2.91447941021113
"chr2:218701034-218706675",4.18450156199889,4.2469748754444
"chr2:218706983-218712133",4.08745113904015,4.30402580545687
"chr2:218713910-218723115",3.92967104054939,4.1489669949138
"chr2:218808951-218843330",2.47601438996356,2.82315277595526
"chr2:218843757-218850087",1.51875775266091,1.69788990845661
"chr2:219934631-219939939",1.9604165830674,2.04576233993352
"chr2:234360806-234362903",1.6035084358335,1.94905408619108
"chr2:235039230-235115704",2.27436622605413,2.46459319509562
"chr2:235147238-235233139",1.98044212383054,1.77394913909089
"chr2:236626388-236649507",2.20580718254427,2.53310382796783
"chr2:237476584-237478184",2.0320119546164,2.07233149117382
"chr2:237478667-237488983",2.63655520493384,2.87384735533698
"chr2:237864086-237898424",3.399432739986,3.64477000721195
"chr2:239171799-239174053",2.16209465773076,2.05309581434038
"chr2:239174331-239176597",2.14703610085925,2.02348261225998
"chr20:1876272-1895645",1.5822702708925,1.83675865706537
"chr20:1903391-1905310",1.63536829315001,1.94526885225089
"chr20:1905623-1908421",1.63529359939921,1.97998488427938
"chr20:1908645-1915261",2.15746240134374,2.52141496039294
"chr20:1915512-1917866",1.60951787086118,1.85754048348835
"chr20:10627851-10628508",1.56627192930237,1.83967417210581
"chr20:19867524-19869919",2.12318564379353,2.26726547402055
"chr20:19951673-19955198",1.89188133948339,2.01257555610015
"chr20:23030478-23059886",2.0208728162182,1.97504233678883
"chr20:24940664-24943461",1.7083300466018,1.88901611623392
"chr20:30610698-30613559",3.06775651914302,3.37638537343989
"chr20:30613822-30615456",3.57669902966106,3.80768059180728
"chr20:30620084-30638291",3.2137385298255,3.47877017531746
"chr20:36762262-36766252",1.84712658417948,2.23696405092912
"chr20:39883375-39896003",1.96629026324234,2.03705989665128
"chr20:42789147-42805357",1.98336058938982,2.31404943590745
"chr20:42806712-42814867",2.14526171590456,2.45145130850398
"chr20:43053881-43056875",1.52550645289814,2.09401408661631
"chr20:44751958-44755179",1.82946429858947,1.98657321530774
"chr20:49191650-49193931",1.60844836280672,1.67120732242862
"chr20:49278912-49307563",3.78153905882817,4.12936265867758
"chr20:55035513-55043547",1.83120774176683,1.9927549088783
"chr20:56141613-56166089",2.40046030324174,2.86278514640187
"chr20:61184713-61207454",2.10086172510498,2.26769546812146
"chr20:62357470-62364471",1.79693018701869,2.10772533234168
"chr20:62689104-62693683",1.63068476251766,1.88090368590513
"chr21:16806843-16829389",3.20748717429116,3.50376290050042
"chr21:27277489-27283953",1.82033534853045,2.00497662668248
"chr21:28217828-28222178",1.64745019814763,1.96278084810033
"chr21:28338932-28341889",1.59794714937543,1.87728586274201
"chr21:35890654-35893258",2.04846338583296,2.28841408774104
"chr21:39610686-39628563",1.94495421643947,2.15675516932738
"chr21:39629207-39639121",1.6397321140828,1.87405011677984
"chr21:39644579-39657409",1.83760599089655,2.34888757733485
"chr21:39657711-39663428",1.61323904043016,2.03869967499538
"chr21:40328492-40346255",2.5477062024873,2.78011392684824
"chr21:40363050-40377486",3.37965043914902,3.62734428151379
"chr21:40383355-40400361",3.19612691987118,3.41321942790658
"chr21:40401153-40483372",2.33553860573588,2.56535063499636
"chr21:43169463-43171157",1.78799713051148,1.83855095796287
"chr21:43171505-43176585",1.50853076027556,1.87476499081922
"chr21:43187366-43208650",1.71551393806069,1.82998379073546
"chr21:43428266-43429203",1.56052867146822,1.52721525554729
"chr21:43646124-43676094",1.78676048102097,1.84630325925048
"chr21:44144844-44151768",1.56498153512524,1.81327751297138
"chr21:45398102-45400770",1.53765636582817,1.66966505797407
"chr21:45554136-45555842",1.9213043685824,2.00875032807817
"chr21:45720173-45724058",2.46167656317807,2.64277679996112
"chr21:46271642-46275025",1.98372337187866,2.17785356856866
"chr21:46275271-46276008",1.53062878211984,1.79339916277375
"chr21:46285911-46292669",1.67264413694378,1.971531361441
"chr21:46876895-46888056",1.91040120085355,2.17917586570057
"chr21:46902835-46906675",1.95800141144328,2.21225935298435
"chr22:18274533-18276395",1.63205972925985,1.86222650116449
"chr22:18276660-18284933",1.93700732834632,2.18179589639741
"chr22:18309382-18310310",1.95838645931375,2.14647717299805
"chr22:18310647-18314520",2.03531711682703,2.35785728035631
"chr22:18317415-18322258",2.08036055839988,2.40258895009232
"chr22:18325348-18342822",2.07403668347322,2.45283273682473
"chr22:18484367-18486936",1.71776714626911,1.83380216289862
"chr22:28031810-28072456",2.1777584217194,2.36289951433264
"chr22:30643087-30658718",1.7037093368099,2.15609270203078
"chr22:32343572-32346195",2.88971025311308,3.23753828898802
"chr22:32346509-32349291",2.3993170061609,2.573799823066
"chr22:32349593-32352026",2.2635187737844,2.37084187702743
"chr22:33198208-33209935",2.12098171775219,2.33641802039893
"chr22:33210472-33245339",2.50733290082102,2.57615907155438
"chr22:33245621-33253136",2.56480623107792,2.63882480713086
"chr22:36044770-36052326",1.57575671493478,1.58760563134981
"chr22:36357814-36412776",2.05129114798751,2.05784037564857
"chr22:36518990-36536272",3.01748308438571,3.01465010587689
"chr22:36538206-36541421",1.86046296148163,1.89952288087925
"chr22:36542556-36544994",2.17731813251735,2.30261321662378
"chr22:36546112-36549233",1.78372328413624,1.88338452101604
"chr22:36553154-36555178",2.18840437904688,2.26960535680634
"chr22:36627612-36629099",1.65799671425231,1.60349960020811
"chr22:36630481-36632831",1.62331282388074,1.43657628427454
"chr22:36633509-36635082",1.62212863973845,1.43499594312116
"chr22:37582186-37584103",1.51548035452738,1.66753086849417
"chr22:37711482-37735524",2.82824306530861,3.10063529747762
"chr22:38795034-38820193",1.89570839789781,2.23132236968241
"chr22:39530884-39534541",1.78850860561819,1.71305415229198
"chr22:39534807-39537025",1.7844964337794,1.81430570283111
"chr22:39601111-39619264",2.0730634147359,2.2989877742648
"chr22:39621952-39625989",2.4521432894308,2.76656879575112
"chr22:39853662-39868693",2.48586516226584,2.90972063308162
"chr22:41976793-41979484",1.65104539372253,1.83990024108509
"chr22:43016051-43019695",2.90894039262504,3.34189519641711
"chr22:43031256-43032621",2.83337923439894,3.09381139062723
"chr22:43066898-43088027",1.74979362851029,2.03161738148345
"chr22:43091739-43117071",1.827741485181,2.13005425748178
"chr22:46567491-46568997",1.57468209497449,1.96831356125499
"chr22:46681276-46682870",1.54818687978042,1.95419426392756
"chr22:47033957-47053984",2.24405385645073,2.55574004728324
"chr22:47064905-47066847",1.52082065273816,1.87413725889737
"chr22:47075788-47080208",1.62252320467685,1.87692266324108
"chr22:50913554-50919885",2.53567949202842,2.86873089461218
"chr22:51108429-51112743",2.37575819594515,2.73954400646699
"chr22:51117956-51121668",2.69513751632862,2.98410110583887
"chr22:51133576-51135571",2.5158964734558,2.81320314236694
"chr22:51143624-51144400",1.65445560149526,1.96226597418817
"chr22:51144693-51149943",3.45154808060004,3.62384527368323
"chr22:51150166-51153131",3.18957138600786,3.44118989799043
"chr22:51160965-51162455",1.51082931223254,1.86321138899276
"chr22:51162681-51169049",2.38398769430525,2.52171593988532
"chr3:4777409-4790776",3.0920054905139,3.4855643634068
"chr3:4867646-4872531",1.5073928204673,1.74387016896217
"chr3:4878732-4887723",1.80571079686309,2.14765799486978
"chr3:5023395-5024421",1.57095759247167,1.53677410702983
"chr3:11034715-11047684",1.71909063830782,2.07334899585345
"chr3:11049165-11057258",1.76574695044511,2.14257726966774
"chr3:15306100-15311120",2.1072450424329,2.36218345850533
"chr3:25622313-25634894",2.02308327315593,2.19147843495446
"chr3:29533840-29581771",1.79322089779629,2.09562245177776
"chr3:30735734-30739053",2.40245187947185,2.62896148053512
"chr3:30741168-30747984",2.9153259992542,3.04210351173256
"chr3:43385070-43388315",1.8826622188982,2.17481293574204
"chr3:48563605-48572845",1.86781428214065,1.71732777916839
"chr3:48577304-48580913",2.3617924293357,2.59276774835245
"chr3:58260642-58270712",1.59962223318644,1.7639960161166
"chr3:58281520-58291874",1.77572045862548,2.22042487954519
"chr3:64856504-64945067",2.71714361664364,3.04627414628789
"chr3:65384547-65387014",1.58057026055032,1.55548353924296
"chr3:69222670-69225575",1.75029316745832,1.93321575611113
"chr3:69370233-69383012",1.87986944551916,2.01778248881231
"chr3:111604742-111630357",1.7669486280734,1.89520018559409
"chr3:111659592-111664015",2.20742242719716,2.44952959286979
"chr3:111664387-111667679",2.33315671864753,2.54101205422781
"chr3:111668696-111671319",2.52456165497067,2.69462776061744
"chr3:111671659-111672519",2.02594161629303,2.21270037060594
"chr3:111672976-111675766",2.50119237343014,2.76467027370626
"chr3:111677242-111678892",2.21941307974552,2.40923306031321
"chr3:111679127-111680692",2.10748243694064,2.26858396485388
"chr3:111681259-111685360",2.23778190686734,2.44335307172057
"chr3:111686771-111688437",2.0632109811056,2.30764312041299
"chr3:111688856-111692479",1.87469980774944,2.08756321913742
"chr3:112059930-112063709",1.89722427424268,2.29451809855055
"chr3:112064235-112066305",1.73742788291633,1.9514183212166
"chr3:112066777-112068459",1.96753825670064,2.3146426030306
"chr3:112068766-112080290",1.90336932661914,2.24674918697328
"chr3:112081759-112115394",1.84436589483216,2.20553112313102
"chr3:112218508-112242934",1.67486222138312,2.11854399332238
"chr3:114035516-114056841",1.79343707988518,1.75428923583334
"chr3:119339140-119343871",2.53540309453762,3.04569680421693
"chr3:119344179-119347448",2.26839009308602,2.72383187239534
"chr3:119348758-119354273",2.11005418332985,2.38310497905199
"chr3:119362396-119366866",2.35472008312222,2.65791015666442
"chr3:119373674-119378680",2.27676301858579,2.44825114633905
"chr3:121840083-121843972",1.66637248908006,2.06793263997989
"chr3:122786522-122807854",2.26582843645541,2.61294240586589
"chr3:123044409-123046365",3.56633771322004,3.94300719490739
"chr3:123345888-123348221",2.40322341374133,2.65788265770319
"chr3:123363515-123365707",1.51885007463792,1.72305443529696
"chr3:123851972-123867140",2.06570331054648,2.28983023482584
"chr3:127411266-127413718",2.02632250786573,2.3756854849001
"chr3:127510204-127518163",1.54952893197031,1.63916915389542
"chr3:129270410-129273918",2.94814050469887,3.10808526925991
"chr3:129286748-129287932",1.92092735368759,2.21888376957466
"chr3:129370738-129373710",4.03342005424093,4.23645243696644
"chr3:132267848-132276882",3.87684080044004,4.08197425762811
"chr3:132280254-132289703",4.5111841320032,4.58678854913304
"chr3:134040113-134066030",2.23291429544946,2.31381206253048
"chr3:134080749-134084559",2.0365244556591,2.22892279014536
"chr3:134086745-134089442",1.60468026967633,1.88907378034694
"chr3:135860145-135863785",2.34951229079561,2.66643189209735
"chr3:135866833-135867664",1.76663845099204,1.95584702046075
"chr3:137724064-137728742",1.86961194137744,2.06864640123283
"chr3:137729387-137742400",1.90499223737705,2.13714939387883
"chr3:141043398-141085043",3.80324523962942,4.06720525667036
"chr3:146223736-146232867",2.19559287271461,2.35415994630475
"chr3:146235281-146237853",1.62392043565432,1.54398824190523
"chr3:146239940-146243216",1.71881628125486,2.00493822876923
"chr3:146243534-146245630",1.61549676642651,1.85352804070278
"chr3:146246718-146251157",1.72948121698025,1.87999968067633
"chr3:146251437-146254227",1.72675528714656,1.98135666374315
"chr3:146254706-146255683",1.99096666561453,2.28581278971901
"chr3:146255931-146258540",1.67798029710711,1.88860274643001
"chr3:146259067-146262154",1.9042547322095,2.07027964539833
"chr3:148906134-148916054",3.37924165301021,3.79583879630255
"chr3:148917918-148918989",2.35315789428099,2.83342966125856
"chr3:149238876-149243318",2.53528908496273,2.67648638205287
"chr3:149244012-149245523",2.54325510007374,2.69273548132636
"chr3:149245856-149257903",2.83072927812405,3.13484847690189
"chr3:156269405-156271344",1.68006793655036,2.04745532883617
"chr3:156413914-156421113",1.9843705204184,2.02281524281057
"chr3:156432817-156447750",1.98187476665042,2.26464443871253
"chr3:156471341-156527240",1.60045179749902,1.73131105019915
"chr3:156528621-156534576",1.73165636396449,1.71306322073206
"chr3:162414093-162457080",1.50566950678278,1.83099881910335
"chr3:170671786-170712559",1.52705459731069,1.83783700141803
"chr3:170712922-170714037",1.98609574595693,2.34865212798477
"chr3:172227211-172229135",1.50866376583168,1.69017263756389
"chr3:172229549-172232551",1.62423869937538,1.76060303924692
"chr3:172236355-172239918",1.71958588873479,1.90173240293537
"chr3:172292230-172308403",1.78995757014757,2.10097811109683
"chr3:172321896-172347939",1.95444707323546,2.25398877270885
"chr3:172351982-172353606",1.94108904942248,1.93734584509415
"chr3:172354074-172361383",1.96635456887584,2.20812195561944
"chr3:177034996-177039117",1.89351046808209,2.19071693663728
"chr3:188124201-188172472",1.94888659422799,2.25401897447874
"chr3:189675893-189680056",3.56720183353925,3.85649108131053
"chr3:189706927-189711783",3.72957770343435,4.11552257079292
"chr3:189716938-189796854",3.1557608647488,3.20351902330053
"chr3:191098821-191100435",1.84327554764909,2.0857366551625
"chr3:191100714-191107185",2.16197665755103,2.47089439955834
"chr3:193975661-193994371",3.77251413893175,4.1749480540501
"chr3:194005257-194014154",4.42566127804258,4.74853351227757
"chr3:194014736-194017324",4.89437218162387,5.19523234763052
"chr3:194021626-194023446",4.58887970551596,4.82296310060522
"chr3:194222332-194231035",1.68854938681262,1.73655935590282
"chr3:194239108-194254132",1.71916913403685,1.76194941666953
"chr3:194284830-194304640",1.71001181682129,1.4728458074357
"chr4:2758203-2766030",1.52641683008828,1.80782997856934
"chr4:8207950-8211278",1.5358779847364,1.73505313526596
"chr4:9989221-9997193",1.9506086092569,2.12133858700097
"chr4:15010151-15012017",2.16612888590735,2.3956716205546
"chr4:15012296-15018712",1.61847515182812,2.01392193569978
"chr4:15034935-15041988",2.70618426812298,3.07721591364457
"chr4:15042211-15047000",2.51148574386393,2.85817928620681
"chr4:16676042-16724342",2.48169087765546,2.59988747109777
"chr4:38785916-38792198",1.51578830583458,1.75655340074515
"chr4:38792952-38796058",1.81077865249161,2.09180732263056
"chr4:38796354-38797780",2.14115165011487,2.31011813621319
"chr4:39591439-39594193",1.56250128497981,1.62055898556932
"chr4:41496723-41526326",2.70428663600302,2.75942068536235
"chr4:55941509-55944544",2.56772582985417,2.82828550620375
"chr4:57891803-57896270",2.6837277329387,2.72443343000719
"chr4:57899577-57906890",2.78406499265638,2.91424740599777
"chr4:57907201-57931555",2.07560819537873,2.40834183500728
"chr4:57939398-57972309",2.59836195016137,2.92746381773045
"chr4:57972611-57975828",2.18762931404286,2.49340609644118
"chr4:69812279-69816664",3.13103774288505,3.54412327834495
"chr4:74442548-74447434",2.35334283786563,2.44986859108209
"chr4:74448107-74450797",2.12289382138572,2.29185586191952
"chr4:74464535-74469696",2.01663954858456,2.32794627613998
"chr4:74477646-74481508",1.7525804619523,1.81649042322231
"chr4:77942892-77949682",1.80386559994369,1.9199732983258
"chr4:77953411-77955550",1.87587622154944,2.10348593521143
"chr4:77986333-77987218",1.53646687489221,1.60037112274833
"chr4:83720110-83739714",2.05304476607391,1.9972043742218
"chr4:83742704-83745608",1.522880956202,1.56472618357942
"chr4:89644566-89647006",1.6888314326254,1.93609082134821
"chr4:89653810-89657412",2.9840206955516,3.13119620487893
"chr4:89671888-89679805",3.33776378528994,3.71187895988897
"chr4:89680720-89687735",3.57621280472006,3.94328380660828
"chr4:103522266-103527553",1.66891578004176,1.73701187927547
"chr4:106058975-106061567",1.92502403670319,2.28223017187747
"chr4:107258294-107266661",1.7084443348488,2.02674926687723
"chr4:122593881-122598949",1.80499940907851,2.02095552577871
"chr4:123666198-123721793",2.10899425552486,2.27277439711542
"chr4:123805967-123809752",1.66828397139496,1.93485977431701
"chr4:124319768-124320565",2.50683212256692,2.45025310471046
"chr4:124321635-124322592",2.57816275767943,2.62909776006503
"chr4:124325010-124366119",2.07187264151022,2.0057685760237
"chr4:129258992-129315438",1.82935129841719,1.78562397378323
"chr4:129423391-129432466",2.10335277396129,2.3242799629985
"chr4:129432900-129436912",2.21115818319296,2.42669348505414
"chr4:129437253-129439811",1.83341576015739,2.00791955845329
"chr4:129778709-129782759",1.84905517293639,2.09823483576867
"chr4:129786246-129788911",1.9562760827389,2.10080032180319
"chr4:129789228-129792410",1.71565701688638,1.8456639751992
"chr4:144355421-144359052",1.53612668566658,1.85597263072473
"chr4:154626951-154631177",1.66924740157918,1.63063357256818
"chr4:156589435-156615051",2.15249221687159,2.38022252055139
"chr4:185680130-185681411",1.84576260209196,2.16092621400172
"chr4:185684509-185685907",1.71923060663837,2.10171687668858
"chr4:185686179-185686945",1.60142279676557,1.94840628844103
"chr4:186515257-186523178",1.63472510200495,1.904289513945
"chr4:186583496-186586939",1.66687322416666,1.71088169320545
"chr4:187511949-187513747",1.51199372340448,1.49775272941521
"chr4:187514006-187516743",1.73057657853887,1.71668445428278
"chr4:187522954-187523957",1.71269197243801,1.88326162058014
"chr4:189322087-189357758",4.20274549500359,4.41137867639743
"chr5:32010688-32037237",2.24632866094111,2.37262731477207
"chr5:32061340-32069575",2.05558160422436,2.29215113685704
"chr5:38458596-38460929",2.40019791338962,2.87282931317328
"chr5:39380444-39381456",2.86458196206831,3.07655570899391
"chr5:39383473-39385170",3.19537299907911,3.54509568136837
"chr5:39385630-39387699",3.44379636526134,3.75912549220874
"chr5:39394623-39408383",3.31297290420037,3.45574948101524
"chr5:39425435-39450174",3.411642909526,3.71333214600778
"chr5:52000414-52040505",1.74452781989692,1.6608723319534
"chr5:52084348-52095619",2.7073777393906,2.78102757154012
"chr5:52099980-52120047",1.74129464891866,1.89533579295518
"chr5:54278074-54280945",4.72349864096408,5.00039720854503
"chr5:54712060-54718606",2.02601782507815,2.0884156659254
"chr5:55240956-55243221",1.89589249179651,2.26196191858128
"chr5:55243522-55244626",2.44945611684271,2.7657900860556
"chr5:55244910-55247192",2.41726664858056,2.76381655236471
"chr5:55248279-55250538",1.79956097843756,2.06696352693002
"chr5:55423289-55432706",2.48119800919574,2.88469990632909
"chr5:59038839-59063973",1.67689453554227,1.94089037230291
"chr5:61924509-61925537",2.12032660315081,2.30030708285373
"chr5:66259989-66282172",2.37959514870522,2.69213295782377
"chr5:66455180-66456184",1.85186235573835,1.86805796713532
"chr5:71740218-71742970",2.67950557329006,2.86161550627704
"chr5:72413267-72416019",1.54888361151331,1.92276518037118
"chr5:72419940-72424117",1.54854947251801,2.05054992043407
"chr5:72424458-72425916",1.50445991765292,1.97226079535299
"chr5:83684081-83695303",1.92291401367527,2.18506977354533
"chr5:83851962-83886441",2.37823787774619,2.68564044590953
"chr5:88018842-88024210",2.10966940580389,2.36972178113441
"chr5:88027818-88044787",1.66073185295133,1.98927292796309
"chr5:90577059-90598746",2.00523408922696,2.25818867919717
"chr5:90599888-90606738",2.15398426712697,2.42182712786932
"chr5:90667373-90669401",2.91674991502907,3.02603438268254
"chr5:90671530-90672276",3.24734175235356,3.38917194123734
"chr5:90672685-90674411",3.39674665541828,3.67255430405577
"chr5:90674692-90675599",3.34195227130518,3.47145506446889
"chr5:90676937-90678530",3.27232545817096,3.58686852806089
"chr5:95150761-95152014",2.9912709558896,3.2026276550115
"chr5:95155306-95157814",3.41545100892967,3.5812354517584
"chr5:95160187-95170028",1.6299653049214,1.7266621748512
"chr5:95188730-95192482",2.13007116388166,2.37040666791505
"chr5:95227078-95231232",1.61273068420398,1.69164773655963
"chr5:95278853-95297179",2.22049126945332,2.10202652164799
"chr5:96099032-96100825",1.6934154313429,1.85996084976595
"chr5:96101949-96103042",1.77366954342615,1.8911217480412
"chr5:96103803-96104552",2.23473389654727,2.19339623229093
"chr5:96106406-96107248",1.78704853981649,1.61989983844455
"chr5:100152369-100191707",1.99525490826438,2.21586891023873
"chr5:100239070-100242616",1.82338063511916,2.1506782791838
"chr5:106717177-106722836",1.82956847756729,1.98906468517049
"chr5:106724354-106762577",1.60740011348139,1.85884118211741
"chr5:111071304-111073901",1.5876115729991,1.90330344887356
"chr5:115783607-115784913",1.90827918319883,2.16919511890542
"chr5:115785657-115803179",1.59790877219294,1.73104127758541
"chr5:115805340-115806786",1.54282502736883,1.86533916204113
"chr5:115890692-115898158",2.61907529226557,2.73678770071448
"chr5:115898726-115909781",1.59135058472243,1.95208995355516
"chr5:116145910-116156589",3.66829266869922,4.02735834727476
"chr5:121402544-121405648",3.74568905460073,4.06250889062801
"chr5:123975007-123976845",2.0338247717591,2.25220334384479
"chr5:123977198-123979104",2.65517984237042,2.54767464063552
"chr5:123980454-123982272",1.62272457078282,1.89072595829283
"chr5:124002220-124036607",1.91294245850543,2.18644799438793
"chr5:125707359-125723999",2.03626731839838,2.77794769971691
"chr5:125822769-125824391",1.6395267368353,1.75644919361619
"chr5:131616747-131630036",2.04300947968035,2.33624857861352
"chr5:131631414-131646878",1.94534013473775,2.24806506553096
"chr5:131648057-131649207",2.24084274836841,2.59869220305849
"chr5:131649561-131655264",2.42711835220709,2.60308916994884
"chr5:131689504-131695673",3.43360971701346,3.77021734965809
"chr5:131695928-131700527",2.26661876420548,2.56846161102745
"chr5:131706157-131711678",3.03652149841256,3.32026733760241
"chr5:131720093-131720920",3.08524123158112,3.28454321780301
"chr5:131721291-131722617",3.17740287790454,3.38742373031305
"chr5:131723658-131724503",3.17651090845374,3.41691474460902
"chr5:131726696-131728025",3.10297168950416,3.37239691825739
"chr5:131822922-131823518",1.68978553518186,1.84375417656005
"chr5:133295811-133302987",2.72043672654141,3.08031288030224
"chr5:133845020-133853401",2.0415327165584,2.5810983351965
"chr5:133853885-133859903",1.86580396956627,2.26138178919517
"chr5:133902370-133909235",1.72779280898034,1.70096094716375
"chr5:133945464-133948281",1.60702370110259,1.73770329985542
"chr5:133950693-133953782",1.57626494531875,1.70776026999852
"chr5:134907658-134910162",2.34470999210362,2.65774746364276
"chr5:134910475-134914024",2.35260568539481,2.73044767212912
"chr5:137146540-137149922",2.35562242336545,2.73571181767302
"chr5:139045488-139054921",1.63846690893353,1.8073688744298
"chr5:139055223-139059168",1.62168905180611,1.87517404336205
"chr5:139065117-139097470",1.85084773373141,1.73462100320266
"chr5:140896675-140898411",2.4453929111628,2.51287121745698
"chr5:140898663-140903610",1.68652394083654,1.8486105623479
"chr5:140909364-140910559",1.97362825382356,2.28557261530861
"chr5:142295349-142300996",1.53806787090253,1.7002687894976
"chr5:147251984-147256092",1.5104532625114,1.7819636571463
"chr5:148580283-148586471",2.7300322705473,3.05624705908754
"chr5:148721465-148724893",3.05788171569277,3.10728847013928
"chr5:148725488-148727579",3.60995951469038,3.75746907071848
"chr5:149014631-149021152",2.74006314595925,2.75374509507825
"chr5:149505240-149505983",2.41425610656745,2.60159221294939
"chr5:149506277-149509220",2.66629826090657,2.78717133991445
"chr5:149517113-149532874",2.39970988970587,2.68340743254416
"chr5:149782975-149783949",1.51102309256935,1.62195044046463
"chr5:149998429-150004177",3.29528868472185,3.48192207708975
"chr5:150004515-150020120",4.23150228136479,4.36874356380031
"chr5:150033894-150035866",2.42266335529857,2.60303143362717
"chr5:150138771-150157408",1.71498628456785,2.00712487200581
"chr5:150158634-150174892",1.6583033004662,1.8554879697205
"chr5:150176397-150182047",1.6998512716447,1.93829224286102
"chr5:150400914-150404801",3.93492432847567,4.16073126665903
"chr5:150410408-150411511",2.71855143444581,2.76540959790408
"chr5:150412526-150412941",3.33112914912402,3.49147668592119
"chr5:150418886-150422001",2.72721943936781,3.03878427205084
"chr5:150422622-150425322",3.10471160716893,3.47864175949788
"chr5:150426022-150429285",2.80501196174633,3.13990269852738
"chr5:150440056-150441588",2.91830092273294,3.32494826192478
"chr5:151043896-151045822",1.71014083909252,2.04633579852258
"chr5:151047315-151049125",1.65234793121984,1.97031796250668
"chr5:151049445-151051031",1.87824124746451,2.29793567749759
"chr5:156339423-156346193",2.02711454782434,2.39544244066674
"chr5:156526434-156531577",2.22465089980262,2.53727574513466
"chr5:156715768-156721692",1.78298077445463,2.12121356675107
"chr5:156812058-156816097",1.85476570166413,2.09234540377811
"chr5:156921903-156923802",1.54225225158537,1.68390210752355
"chr5:159344961-159357089",2.0748920325753,2.10426784849918
"chr5:167691262-167718556",1.69104447800117,1.95361157238755
"chr5:167743909-167757175",2.85044116718839,2.87461601574589
"chr5:169268639-169291168",1.82443304145541,2.25147963445439
"chr5:169680317-169683430",1.5851708627278,1.78346461458238
"chr5:172089366-172096688",1.60389102695809,1.59244760694497
"chr5:172111241-172113074",1.69717860200639,1.78960766133157
"chr5:172190361-172194993",1.95423578082937,2.05500984751671
"chr5:172204877-172206885",1.69146592450339,2.07915957838061
"chr5:172315863-172323905",1.51070994721961,1.7996756674048
"chr5:172336864-172341468",1.57578357532877,1.93582800199918
"chr5:172349571-172350908",2.19538856757232,2.34502054286963
"chr5:172354202-172357996",1.58405948590161,1.87677050224739
"chr5:172745352-172749872",2.49763242903345,2.74824891443898
"chr5:174939299-174940366",1.77929348648826,1.80420887098258
"chr5:174943766-174948789",1.910726965086,2.21576376322774
"chr5:175085258-175108364",2.49274426957136,2.87469240447435
"chr5:175113345-175130801",1.88098582488933,2.2180663231546
"chr5:175131107-175145792",2.64870563045193,2.89243236154764
"chr5:175796825-175798625",1.85084365944461,2.19922824628877
"chr5:177653799-177655026",1.55419350649858,1.52558259524749
"chr5:177655690-177656599",1.9386554923477,2.0983734691936
"chr5:177659892-177664519",4.0094365855257,4.44126193832993
"chr5:179147661-179149705",2.15734929485137,2.31203324080578
"chr5:179150880-179151558",1.72525697953523,1.98736177004625
"chr5:179151884-179153581",1.86345256894764,1.87334851502143
"chr5:179153860-179155492",2.36555148775395,2.62443718121511
"chr5:180220197-180222306",1.86853077263105,2.14312683834763
"chr5:180222975-180229580",2.19116057691646,2.15972392752408
"chr5:180231023-180235402",1.82979308247333,2.14402329727192
"chr6:2611094-2622047",3.68240437181516,4.00421803566191
"chr6:2858329-2876427",1.54736759068964,1.75089552818746
"chr6:2896524-2900578",1.73279199839616,2.1270120846351
"chr6:2962442-2971251",1.57211802667764,1.57225741792215
"chr6:3724070-3727685",1.63967415513092,1.6907437973438
"chr6:3727996-3737213",2.73404885742715,2.76778287235306
"chr6:11186994-11188351",2.69137351184522,2.82494703573099
"chr6:11188640-11190097",2.69265971206997,2.79107531891793
"chr6:11194025-11198441",2.41758050492814,2.71773320085605
"chr6:11201379-11207594",2.40261177796745,2.49784369191167
"chr6:11207868-11213414",1.94159882897846,2.20286218062503
"chr6:11214060-11232637",1.71105285212014,1.99367377985597
"chr6:12292842-12294074",3.38012448237835,3.48863750822127
"chr6:12294737-12296095",3.40863632593698,3.50212136302732
"chr6:12297527-12319585",2.9645490685774,3.40603088463818
"chr6:12319924-12373161",2.23850527800899,2.19779182901436
"chr6:15525000-15533367",2.86226122202228,3.15156673514306
"chr6:15533878-15544775",2.78343475760336,3.14878058264382
"chr6:18460082-18463422",2.23042078546386,2.37976331239394
"chr6:18463711-18465058",2.16980970806765,2.46720328441746
"chr6:18469205-18478965",1.76578553786104,1.91997316209274
"chr6:22020871-22056675",1.99714930933675,2.09774128410145
"chr6:24655403-24657940",1.5164340661564,1.49753511201725
"chr6:24707479-24708905",1.5223595393927,1.39328327764218
"chr6:25969748-25971997",1.62607880728723,1.78460259227283
"chr6:25973613-25983292",1.56541973426458,1.56647750991704
"chr6:25987484-25990889",1.59569145642846,1.70664328535935
"chr6:26365880-26368103",1.91419240085073,2.00220671335669
"chr6:26369240-26370450",1.62779758640415,1.69631296517382
"chr6:26370931-26372821",1.71817528581911,2.04454369222497
"chr6:26441047-26443495",1.80485305015467,1.75934187684537
"chr6:26450542-26451803",2.18914110515683,2.33196942797094
"chr6:29695173-29695634",1.83290950317758,2.03868002580159
"chr6:29697228-29699194",1.75486039564169,2.08093524411916
"chr6:31136274-31137893",2.94052009478182,3.19789169977267
"chr6:31138570-31141412",2.95880912816687,3.2240813790892
"chr6:31147727-31148296",2.90742278021805,3.04928143413908
"chr6:31148608-31162877",2.66719652861094,2.8437376253382
"chr6:31166077-31167632",2.26404444380294,2.38288996419791
"chr6:32161001-32161987",2.45694236897315,2.78820752884
"chr6:33037763-33041116",1.82729274102873,2.139894177202
"chr6:33049173-33049684",2.12186041610982,2.32942276808686
"chr6:33050022-33051191",2.11770960456738,2.30491544809853
"chr6:33051889-33052627",1.5806564347115,1.73114032821319
"chr6:33055078-33059430",2.25276896400741,2.4894437852031
"chr6:35545110-35547713",1.51428439861558,1.72890427647194
"chr6:35554994-35558807",1.87401868071373,2.12852500618864
"chr6:36304762-36322319",1.57703749513688,1.67468491000789
"chr6:36648734-36650317",1.84607462148749,1.89593665643082
"chr6:43595190-43596426",1.64212526505804,1.63113169792477
"chr6:43739938-43740809",3.06219512753923,3.10970287548961
"chr6:43968980-43969690",2.94827175860503,3.23152710961165
"chr6:43973795-43980638",3.17696642011603,3.53338102706406
"chr6:43980938-44041550",4.00184253382146,4.01911793369973
"chr6:44045789-44052996",4.36572408245782,4.70589434026937
"chr6:47203157-47220892",1.67968204562553,1.94640427723767
"chr6:51964654-52009047",3.78624758399881,3.97306673076704
"chr6:56405558-56407204",1.97262033384164,2.40022687760374
"chr6:72086997-72113154",2.50066162504343,2.90318913027383
"chr6:72113424-72124048",1.53555664376708,1.85503487633291
"chr6:89792554-89793372",2.12976608858201,2.04215213374
"chr6:96035357-96035998",1.56455977138338,1.80881007897387
"chr6:107163126-107165227",2.21577700144864,2.70347839076298
"chr6:107166217-107172342",3.20740867410489,3.6497976766226
"chr6:107173364-107181757",3.45122941639987,3.83760726569611
"chr6:107183393-107186723",2.56216563072373,2.98339778663955
"chr6:107188062-107192716",2.99378754653587,3.39594657535308
"chr6:107195263-107197409",2.97315264894477,3.40273665214322
"chr6:107197763-107202175",3.09825513319497,3.51621618857546
"chr6:107202397-107203645",3.12420086683423,3.57040789076747
"chr6:107204236-107217901",3.23311979554506,3.69303742553279
"chr6:107222979-107230210",3.62139016085936,4.06360434649706
"chr6:107235516-107253691",3.77729678199601,4.17657484086305
"chr6:108986192-109000930",1.57411017468422,2.04555448397811
"chr6:112424093-112429863",1.6589751906455,1.9516376871333
"chr6:112477034-112479020",1.75450389524947,1.90570293256898
"chr6:112487770-112492732",1.85780797489701,2.23039185291743
"chr6:112508903-112509994",1.55051920272555,1.81818136470967
"chr6:112510507-112512738",1.50983577864242,2.01681263095976
"chr6:122768510-122772709",1.88084102022652,1.90325917782709
"chr6:123108888-123110215",2.40219788034315,2.56537479361707
"chr6:123110703-123116722",3.55233652838564,3.63158650333502
"chr6:123118590-123122355",3.87626193586041,3.94743943679248
"chr6:123122651-123124709",3.65798756981043,3.57998917009116
"chr6:123125078-123125954",4.09222353122151,4.14332429232027
"chr6:123126334-123127278",4.18838701106351,4.31940717164655
"chr6:123127602-123130136",3.50928691870553,3.59047825193149
"chr6:126071105-126072847",2.12046344541732,2.46504531369475
"chr6:126075792-126080163",2.00160243718215,2.41508376175615
"chr6:128239876-128289824",1.50755101577614,1.65024559491103
"chr6:129963263-130031069",1.82602571235913,2.20560517594982
"chr6:132054963-132058395",4.8928150966677,5.27034408369756
"chr6:132059403-132061264",4.84110757150322,5.21910304363656
"chr6:132061620-132067826",4.91471984911168,5.23844103006777
"chr6:132068653-132087647",4.75854496193471,5.07280005225109
"chr6:132785314-132789442",1.57978454657412,1.77119816089701
"chr6:134216791-134220991",1.53706811454985,1.9101903116756
"chr6:135229211-135238428",2.20177028824801,2.59516513822019
"chr6:135240105-135247781",2.7989240026055,3.15664057909534
"chr6:136356393-136364890",2.3219458508242,2.68759760548537
"chr6:143656767-143660676",1.98499727031063,1.92470508054586
"chr6:148811637-148835360",1.87024653301878,2.16514368945265
"chr6:148841129-148845189",1.73498038246958,1.85963413084128
"chr6:148861792-148864716",2.57246155231121,2.58505636235357
"chr6:151627138-151640670",1.75185927562449,1.98780575426532
"chr6:154678026-154702841",1.71118282486331,1.851800269032
"chr6:154827416-154831097",2.05883184800014,2.21007295887958
"chr6:159139343-159146435",1.59022407221259,1.77671896915078
"chr6:159147935-159166412",4.03439437018721,4.32364630916464
"chr6:159166790-159172860",4.34078627354678,4.61972473332986
"chr6:160103770-160105786",2.80866433697128,2.93295335764785
"chr6:160106165-160109058",2.64399497378962,2.71071252890498
"chr6:160109480-160111851",3.00546255131373,3.13119274313932
"chr6:161826684-161865918",2.69789463059601,3.08743931900095
"chr6:167337935-167342892",2.75439487837224,3.1393636056824
"chr6:167348680-167351984",2.92131111119102,3.06690393737071
"chr6:167352596-167356407",2.89456742471955,2.94703366939106
"chr6:167362213-167365876",2.64833972467804,2.93185009323555
"chr6:167367168-167368883",2.58510138819939,2.8769062113627
"chr6:167370779-167383014",1.85157128577475,2.05879239547056
"chr6:167486713-167525195",1.91847808987085,2.07745912472081
"chr6:167536811-167548322",3.08761954942604,3.45479675708942
"chr6:170746118-170785946",2.5021202413423,2.72504781993709
"chr7:803711-808012",1.65666138545764,1.86529577947475
"chr7:1085552-1094810",1.66689635670468,2.06978667934245
"chr7:1128057-1130943",2.95855621622153,3.20189682367707
"chr7:1133551-1148864",2.27873414566811,2.66806508276013
"chr7:1149197-1166793",1.70919414431476,1.95939810578284
"chr7:1167124-1172335",3.57254617352332,3.96947480931853
"chr7:2672012-2685066",2.89894171549674,3.03757651669806
"chr7:2884058-2904233",1.76883740515244,1.65375519662356
"chr7:7197157-7217483",2.80801189982586,3.09131232341819
"chr7:7218055-7222078",2.53018700159884,2.96795006471214
"chr7:20238393-20256822",1.85244188088012,2.18360442915906
"chr7:21935517-21938854",2.28437325323324,2.48650868235146
"chr7:21948225-21951135",2.72746292433055,3.0569567730258
"chr7:21956615-21979780",3.75391256727002,4.16870326783907
"chr7:22162239-22164750",1.69440569184503,1.93762569698869
"chr7:22165376-22170555",2.22861734814647,2.5876065631892
"chr7:25019907-25020918",1.93055550882893,1.7699036507227
"chr7:25021353-25022736",2.04816493404444,2.11809433265205
"chr7:26226845-26229447",1.6725157724407,1.85702939380476
"chr7:26332878-26385940",1.87122150351894,1.9760711951912
"chr7:26400781-26403845",3.09666610711051,3.49653572014817
"chr7:27150479-27153144",1.54478224727042,1.69065609282006
"chr7:27156383-27159035",1.6938867046983,1.81685832948164
"chr7:27159314-27160456",2.17151520440656,2.4008872492218
"chr7:27164329-27166405",1.80556876283115,2.03192054078936
"chr7:28725914-28758270",1.7401381298554,2.16369963663744
"chr7:28764393-28766198",1.84933143232851,2.21151244958299
"chr7:35821055-35833416",1.54223853327959,1.67730746160421
"chr7:37459470-37468760",1.5319082187104,1.52274761610023
"chr7:38259361-38268300",1.53650874045471,1.67964939258486
"chr7:38370636-38374542",1.8497945807842,2.12375657769731
"chr7:47324598-47331453",2.096548109064,2.39695314150723
"chr7:47336911-47341684",1.62251634584824,1.90104501529228
"chr7:47568845-47578573",1.69735927828761,1.95460344073767
"chr7:47579299-47596535",4.0999627039598,4.31828840463521
"chr7:47596848-47618668",2.82894198578617,3.11395807088209
"chr7:47622256-47661437",2.38658857560573,2.37078908934335
"chr7:50660895-50663034",2.23345067952128,2.21302128872565
"chr7:50663637-50671595",2.21123001681502,2.28098051020441
"chr7:50674865-50680338",2.424911838029,2.505735065776
"chr7:50694775-50737319",1.87666047699972,1.91071579724318
"chr7:50742455-50771418",2.59112478055107,2.79819851670328
"chr7:51204128-51231783",1.538762849773,1.81155422954365
"chr7:55111842-55177316",1.82874280410771,1.92540352482943
"chr7:55250270-55256450",2.47290974424445,2.65075921467161
"chr7:80303832-80305324",2.62060137121641,2.97920231542014
"chr7:86804085-86808761",1.51790304916194,1.80054605804366
"chr7:94259253-94268553",2.01957017747091,2.35494417169188
"chr7:95217237-95218852",3.50443349545053,3.74890316209379
"chr7:95219129-95221200",3.74980662334814,4.05452314745244
"chr7:100770625-100771574",2.00139527988986,2.08838227267179
"chr7:100772045-100773602",1.93334994734234,2.02500368110193
"chr7:100775450-100776876",2.44776555048944,2.68950753827754
"chr7:100777274-100778675",2.01444340373031,2.06323795775443
"chr7:100779182-100780182",1.89492890576295,2.00086956344345
"chr7:111380370-111381050",1.95201531765611,2.06300259922451
"chr7:111689494-111846057",2.17217179165654,2.24128865092369
"chr7:112121501-112123369",1.79102769098327,1.93451450886562
"chr7:112123761-112124767",1.65409130260981,1.60797889594766
"chr7:116141154-116145925",1.7714973806479,1.99109385339013
"chr7:116192123-116198900",2.04257775677212,2.44815774074807
"chr7:116204322-116210914",2.16556260158401,2.4894602912398
"chr7:116403422-116409599",1.55564818979951,1.72521197424335
"chr7:116423623-116435609",1.76943835843926,1.88359321469613
"chr7:116855379-116858979",1.61081097277961,1.7037945441164
"chr7:117400864-117407013",2.14483084830691,2.23964767341933
"chr7:117407345-117417077",1.70739837012305,1.91853487273257
"chr7:128098572-128100630",3.96356218720229,4.05542143064465
"chr7:130734561-130737084",1.65340177616065,1.87099010594977
"chr7:131191786-131193610",1.67978722022937,2.03872687464918
"chr7:134127622-134129379",1.75080920319153,1.92012614998432
"chr7:134130172-134131950",2.14827206201711,2.38395067206042
"chr7:134605571-134612700",2.19117271901139,2.37353796669556
"chr7:134618928-134620339",2.20281131997431,2.22773667279983
"chr7:134620616-134625743",2.25999962080572,2.32226927627836
"chr7:134629402-134632159",2.36594321878097,2.64363403661266
"chr7:134647785-134649862",2.07689938374608,2.22555331289032
"chr7:134650288-134652399",2.33637067762064,2.26119272329842
"chr7:134671552-134672526",1.76494330071951,1.90942126897477
"chr7:134680401-134684182",2.66284884151319,2.82395817375056
"chr7:134854399-134855051",2.45028755492982,2.76315473916894
"chr7:134855647-134868490",2.90116346504578,3.2622788884533
"chr7:134872021-134873065",2.03411022546674,2.17895400911324
"chr7:134874304-134877867",2.71761605775435,3.01261327920286
"chr7:134878725-134879586",1.79279049018767,1.84795948077353
"chr7:134889317-134890580",1.65776213572195,1.86823345933253
"chr7:134894607-134895485",2.27398988930928,2.4718960308966
"chr7:139299339-139305047",2.18293718160676,2.5241764847631
"chr7:139316571-139378637",2.22634757365614,2.59391674058956
"chr7:139478370-139479201",2.30487115809855,2.51940841254853
"chr7:141355144-141356244",1.93556596995922,2.10375902928496
"chr7:149412540-149416413",3.88707699835731,4.05780692691491
"chr7:149427903-149428662",3.82255168551986,3.94801709126017
"chr7:150164522-150167817",4.22280302684525,4.30531239372443
"chr7:150171826-150174080",3.18525521084365,3.29466552334711
"chr7:150271141-150284553",2.87776561199631,3.09193866099354
"chr7:150325700-150327046",3.11159922531557,3.42050325037394
"chr7:150445051-150446720",3.37633118673008,3.41325891669877
"chr7:150491259-150493354",2.04358349149203,2.43542208071935
"chr7:150493920-150497010",2.35832013340457,2.77640872864522
"chr7:150701123-150703415",2.64889368158057,2.81123439856776
"chr7:150704464-150705862",2.54679022257864,2.47940934194795
"chr7:158649541-158662037",2.29137067037661,2.34369442698493
"chr8:578283-582596",1.5123968294945,1.82755063033875
"chr8:1857736-1871030",1.70244644280151,1.60614448151478
"chr8:1894185-1900771",1.89117201480175,2.0683446567525
"chr8:1924744-1948351",1.85550369990339,2.34807967189213
"chr8:6390108-6420068",1.66761141735587,1.87881727817237
"chr8:12944072-12945896",1.61106108127936,1.81161522465652
"chr8:13049401-13071676",1.58080335964799,1.82785103196263
"chr8:22225350-22236840",1.67718890232387,1.85601952290759
"chr8:22266109-22267359",2.85846760182531,3.34770469193999
"chr8:22267728-22269290",2.76860394472628,3.17705213448844
"chr8:22269819-22272193",2.75830938757696,3.06774218130713
"chr8:22275448-22276965",2.4564706265206,2.73647915355082
"chr8:23156560-23159440",2.37957139792392,2.68245856599729
"chr8:23167524-23174147",2.31748732629101,2.50239817417619
"chr8:23195070-23198405",2.09050958642845,2.30984100163957
"chr8:23199149-23217503",2.44909950088441,2.8280959041964
"chr8:26485556-26492196",1.56598996636591,1.94280860827984
"chr8:26505416-26509673",1.58980762861007,1.76759315824332
"chr8:26511013-26513031",1.62580977801546,1.79460297559047
"chr8:27446690-27454334",1.81130361959605,2.16454452600992
"chr8:28211025-28214087",3.92048885751922,4.17644663697452
"chr8:28214396-28217009",4.34890269828256,4.59563190851683
"chr8:28218799-28222765",4.52746911259391,4.88681279406473
"chr8:28232999-28242497",4.56732742661341,4.83439474441491
"chr8:28260318-28272941",2.24257530408154,2.55903043358399
"chr8:29921529-29923128",1.67726597311516,1.76583741674195
"chr8:29953504-29959314",2.41844520078532,2.65289557995013
"chr8:29959589-29961716",2.52739355566348,2.6705885939739
"chr8:29966140-29974800",2.24638701294215,2.41161266470467
"chr8:30244940-30255343",1.99361940859293,2.354511920572
"chr8:30255602-30300033",1.66320529571061,1.9706602596576
"chr8:30311421-30332195",2.09700954414685,2.34561053653359
"chr8:30335453-30336731",2.12960357012954,2.37703495944173
"chr8:30336993-30361703",2.50169053221752,2.77960340024901
"chr8:30362053-30394995",2.0558153470971,2.33215683416067
"chr8:30395340-30401911",2.27822827079766,2.44896449976052
"chr8:30403208-30404709",1.7525134418217,1.82355542600865
"chr8:30405139-30406917",2.08932237035191,2.31445876315291
"chr8:30407202-30413870",1.79003976727525,1.84865500705473
"chr8:30414415-30415598",1.69650182613747,1.91203662790289
"chr8:30416573-30419361",2.44504903134093,2.67005148194466
"chr8:30419766-30421467",2.2044083841396,2.49334447204094
"chr8:30423977-30428054",1.89728418091814,2.11668077542962
"chr8:33410139-33416033",1.77371254309055,1.88578288889033
"chr8:38586348-38599769",3.28382456028952,3.67383401011291
"chr8:38603111-38614657",1.90090644663253,2.17244571905025
"chr8:38615027-38643092",2.22030139121532,2.46983837796982
"chr8:38693909-38695888",1.63459977412725,1.97285251600159
"chr8:38704437-38705373",1.79606417303921,1.9434393696837
"chr8:38793668-38801207",1.86375910895947,2.16114172861894
"chr8:38801455-38803542",2.28066025818503,2.53574122069023
"chr8:38803839-38807971",2.30034320484803,2.49274300716432
"chr8:38815004-38818245",1.6401624785414,1.87564784860192
"chr8:38818531-38826010",2.49397343744005,2.7677081898353
"chr8:41655240-41660767",2.0906398066065,2.34905454274666
"chr8:43092454-43097763",2.22962098656447,2.54703497268794
"chr8:49429749-49464027",1.53870353638132,1.73886773590228
"chr8:67068045-67086606",3.79677953438755,4.16140735250266
"chr8:72745023-72753684",1.88771302594606,2.08309339497423
"chr8:90960557-90965372",1.90018500753751,2.06112356071904
"chr8:95262915-95264147",1.56977323108226,1.77716809176152
"chr8:101315729-101321426",1.67654008626846,1.87939378353266
"chr8:103662719-103663277",2.57037596036612,2.64390221684392
"chr8:103664725-103665598",1.80751582076202,2.0277893168237
"chr8:103668230-103675804",2.05656521534522,2.1875922213694
"chr8:120546792-120569226",2.02014446848774,2.04928890648401
"chr8:120570031-120574997",3.65130721420583,4.00225293632058
"chr8:120581710-120582845",3.20575160922917,3.56467994617751
"chr8:120585487-120590488",3.91108748211917,4.09659341632506
"chr8:126913582-126934452",1.58800809068986,1.7964832079306
"chr8:128751365-128752542",1.61592537683826,1.81684275798438
"chr8:131259388-131352988",2.25673708746759,2.34308339458954
"chr8:134254417-134256498",2.77068886143817,2.97885495988389
"chr8:134257003-134258759",2.76417080482397,2.96645343960243
"chr8:134262886-134266682",2.59959177278728,2.83408947660561
"chr8:134269206-134270509",2.72263200189742,3.06667937615627
"chr8:134271789-134274190",2.86894554583967,3.17325807543339
"chr8:134274600-134276690",1.87754097171219,2.17678103857823
"chr8:134277335-134292375",1.52551862428573,1.97675461134253
"chr8:134331645-134338140",1.91145010641725,2.43457262414992
"chr8:134338747-134404354",4.04855732924858,4.35548760939314
"chr8:141673287-141674916",1.53663214474276,1.60589015088042
"chr8:145052349-145057000",1.58394618139581,1.60491264064061
"chr9:685655-706789",2.18642118622456,2.44568540287273
"chr9:738604-740692",1.63904470224381,1.87785070431472
"chr9:14088425-14102321",1.97979702219568,2.18785834101831
"chr9:14205138-14305652",1.53727311724756,1.69059121507347
"chr9:19111271-19115660",4.55185217946398,4.78149131814284
"chr9:19116747-19118219",4.11466042887377,4.26897919118427
"chr9:19121263-19123133",4.90595390243712,5.19085782665373
"chr9:19123745-19125404",4.0882475712479,4.19218163915118
"chr9:19126546-19127317",4.21764166555793,4.395336362994
"chr9:27397661-27420990",1.8781809048973,2.00709635373763
"chr9:32408749-32418026",1.77491381985968,1.90518497889155
"chr9:35911783-35929909",4.09675498819005,4.44910765988833
"chr9:71146077-71151396",1.94182251079796,2.29575537932226
"chr9:73003021-73027675",2.37373763499758,2.3510382733109
"chr9:73168326-73193981",2.89471443000842,3.24796172556728
"chr9:74383900-74417196",1.92753630383167,1.82586777314765
"chr9:74764698-74781637",1.54021570505426,1.49972746169286
"chr9:74971117-74971747",1.56152037542388,1.45041443619825
"chr9:74972072-74974234",1.76884933681982,1.60928967536255
"chr9:74974537-74974926",1.78875311409501,1.77287706575781
"chr9:75516296-75520774",2.00864799725058,2.30079036008994
"chr9:75521048-75524418",2.43164724729993,2.71869857243132
"chr9:75533838-75538665",1.71087850468117,2.02969413942137
"chr9:79230178-79234156",2.27482180555209,2.66734733236272
"chr9:79234403-79239268",1.7830281366674,2.11940835892833
"chr9:79240074-79244008",2.56397155394528,3.12820638979539
"chr9:79307216-79317524",1.97857300718286,2.44000325207942
"chr9:79406605-79438064",2.73174594902472,3.13171539159731
"chr9:79484198-79520744",2.84230848914898,3.26411447790225
"chr9:84202843-84205620",1.76429949049909,1.87955090485266
"chr9:90481305-90497641",2.18973378477101,2.37249324835315
"chr9:94173288-94185822",2.19589397659819,2.48131930755945
"chr9:94907568-94909774",2.41032274602981,2.77019000425595
"chr9:97753104-97766099",1.76342602531545,2.18746194856926
"chr9:107607950-107617747",2.00354753060025,2.22372710079561
"chr9:112542913-112629211",1.92717485397931,1.93974460062829
"chr9:112924512-112930579",2.64186233357885,2.93202747390114
"chr9:112934892-112952228",2.2809531213184,2.52123592396145
"chr9:114685331-114686957",1.70410130947678,2.03500670385185
"chr9:114692058-114693451",1.81710184156087,1.92214674764343
"chr9:114697749-114758815",1.53861505078985,1.70518951728762
"chr9:115914696-115919907",1.56864401674245,1.64945966393852
"chr9:116304471-116327237",2.23875046504601,2.4804235034751
"chr9:120479249-120489535",1.78904955262098,1.88205490096463
"chr9:124083779-124086732",1.51091676469588,1.67670922314187
"chr9:124095221-124101255",1.58355464969458,1.71573263240264
"chr9:124103786-124110193",1.67562412909599,1.774414713114
"chr9:124111701-124115398",1.96842886845514,2.31842522239933
"chr9:124257197-124261829",1.83566884974426,2.05341174951843
"chr9:124361005-124413773",1.63185455859443,1.98958112261517
"chr9:124414278-124440857",1.72038999124041,1.9106263510859
"chr9:124538770-124543643",1.72582963452631,1.74993380765777
"chr9:127028188-127048619",2.52238643457759,2.84588659883557
"chr9:127048869-127054150",2.04917189124838,2.25578138640296
"chr9:127577264-127615655",1.73325380979372,1.65130231386908
"chr9:129940805-129946046",1.68616498661285,1.77078156818703
"chr9:130584899-130586483",2.66232123399504,2.8920095614484
"chr9:132087284-132090440",1.61770807028916,1.71657089978644
"chr9:132201497-132208811",3.9387428832117,4.10869390964603
"chr9:137798904-137801331",1.57285336189413,1.87276016896623
"chr9:139534287-139542962",2.49315865987347,2.7342746627595
"chr9:139543617-139553208",1.97452716135315,2.22860457146716
"chr9:139560369-139562593",1.644561880415,1.75465342871212
"chrX:6962766-6966861",1.5836854878794,1.81225465603049
"chrX:10006794-10029162",4.26865165563902,4.49574643873763
"chrX:18889210-18908314",2.48342302849078,2.66603604555288
"chrX:18908846-18910318",2.97751917109455,3.20786225849923
"chrX:106958079-106958903",1.99339542316143,2.12211318073743
"chrX:106960465-106964989",2.02627913012865,2.21624937091849
"chrX:135279393-135286780",1.54726748403588,1.98567505621716
